   0.0000000e+00
  -5.2616048e-01
  -1.0523434e+00
  -1.5785039e+00
  -2.1046643e+00
  -2.6308473e+00
  -3.1570078e+00
  -3.6831682e+00
  -4.2093512e+00
  -4.7355116e+00
  -5.2616721e+00
  -5.7878551e+00
  -6.3140155e+00
  -6.8401761e+00
  -7.3663590e+00
  -7.8925194e+00
  -8.4186800e+00
  -8.9448628e+00
  -9.4710233e+00
  -9.9971838e+00
  -1.0523367e+01
  -1.1049527e+01
  -1.1228463e+01
  -1.1298412e+01
  -1.1368357e+01
  -1.1438302e+01
  -1.1508250e+01
  -1.1578194e+01
  -1.1648139e+01
  -1.1718087e+01
  -1.1788031e+01
  -1.1857976e+01
  -1.1927924e+01
  -1.1997868e+01
  -1.2067813e+01
  -1.2137761e+01
  -1.2207706e+01
  -1.2277650e+01
  -1.2347598e+01
  -1.2417543e+01
  -1.2487487e+01
  -1.2557435e+01
  -1.2627380e+01
  -1.2617845e+01
  -1.2535711e+01
  -1.2453581e+01
  -1.2371449e+01
  -1.2289313e+01
  -1.2207182e+01
  -1.2125050e+01
  -1.2042915e+01
  -1.1960784e+01
  -1.1878648e+01
  -1.1796516e+01
  -1.1714386e+01
  -1.1632250e+01
  -1.1550118e+01
  -1.1467987e+01
  -1.1385851e+01
  -1.1303721e+01
  -1.1221589e+01
  -1.1139453e+01
  -1.1057322e+01
  -1.0975190e+01
  -1.0906577e+01
  -1.0872101e+01
  -1.0837625e+01
  -1.0803147e+01
  -1.0768672e+01
  -1.0734195e+01
  -1.0699718e+01
  -1.0665242e+01
  -1.0630765e+01
  -1.0596288e+01
  -1.0561812e+01
  -1.0527336e+01
  -1.0492858e+01
  -1.0458382e+01
  -1.0423906e+01
  -1.0389428e+01
  -1.0354953e+01
  -1.0320476e+01
  -1.0285999e+01
  -1.0251523e+01
  -1.0217046e+01
  -1.0172335e+01
  -9.9117949e+00
  -9.6512550e+00
  -9.3907041e+00
  -9.1301641e+00
  -8.8696242e+00
  -8.6090733e+00
  -8.3485333e+00
  -8.0879934e+00
  -7.8274425e+00
  -7.5669025e+00
  -7.3063627e+00
  -7.0458117e+00
  -6.7852717e+00
  -6.5247319e+00
  -6.2641809e+00
  -6.0036409e+00
  -5.7431011e+00
  -5.4825501e+00
  -5.2220101e+00
  -4.9614703e+00
  -4.7009203e+00
  -4.5124243e+00
  -4.3412295e+00
  -4.1700273e+00
  -3.9988325e+00
  -3.8276376e+00
  -3.6564355e+00
  -3.4852406e+00
  -3.3140458e+00
  -3.1428437e+00
  -2.9716489e+00
  -2.8004541e+00
  -2.6292519e+00
  -2.4580571e+00
  -2.2868622e+00
  -2.1156601e+00
  -1.9444653e+00
  -1.7732704e+00
  -1.6020684e+00
  -1.4308735e+00
  -1.2596787e+00
  -1.0884746e+00
  -7.4098435e-01
  -2.5934634e-01
   2.2231267e-01
   7.0395115e-01
   1.1855896e+00
   1.6672486e+00
   2.1488871e+00
   2.6305256e+00
   3.1121846e+00
   3.5938231e+00
   4.0754615e+00
   4.5571205e+00
   5.0387590e+00
   5.5203975e+00
   6.0020565e+00
   6.4836950e+00
   6.9653335e+00
   7.4469925e+00
   7.9286310e+00
   8.4102694e+00
   8.8919284e+00
   9.3707508e+00
   9.8438295e+00
   1.0316929e+01
   1.0790007e+01
   1.1263085e+01
   1.1736184e+01
   1.2209263e+01
   1.2682362e+01
   1.3155440e+01
   1.3628518e+01
   1.4101618e+01
   1.4574696e+01
   1.5047775e+01
   1.5520874e+01
   1.5993952e+01
   1.6467031e+01
   1.6940129e+01
   1.7413209e+01
   1.7886287e+01
   1.8359385e+01
   1.8832464e+01
   1.9253235e+01
   1.9145657e+01
   1.9038077e+01
   1.8930499e+01
   1.8822916e+01
   1.8715338e+01
   1.8607758e+01
   1.8500175e+01
   1.8392597e+01
   1.8285018e+01
   1.8177434e+01
   1.8069856e+01
   1.7962277e+01
   1.7854694e+01
   1.7747115e+01
   1.7639536e+01
   1.7531953e+01
   1.7424375e+01
   1.7316796e+01
   1.7209212e+01
   1.7101634e+01
   1.6994055e+01
   1.7021034e+01
   1.7071458e+01
   1.7121883e+01
   1.7172310e+01
   1.7222734e+01
   1.7273159e+01
   1.7323586e+01
   1.7374011e+01
   1.7424435e+01
   1.7474862e+01
   1.7525287e+01
   1.7575711e+01
   1.7626139e+01
   1.7676563e+01
   1.7726987e+01
   1.7777415e+01
   1.7827839e+01
   1.7878264e+01
   1.7928691e+01
   1.7979115e+01
   1.8029540e+01
   1.8208905e+01
   1.8469763e+01
   1.8730620e+01
   1.8991488e+01
   1.9252346e+01
   1.9513203e+01
   1.9774072e+01
   2.0034929e+01
   2.0295787e+01
   2.0556655e+01
   2.0817512e+01
   2.1078370e+01
   2.1339238e+01
   2.1600095e+01
   2.1860953e+01
   2.2121821e+01
   2.2382678e+01
   2.2643535e+01
   2.2904404e+01
   2.3165261e+01
   2.3426118e+01
   2.3548074e+01
   2.3437756e+01
   2.3327439e+01
   2.3217117e+01
   2.3106799e+01
   2.2996483e+01
   2.2886161e+01
   2.2775844e+01
   2.2665526e+01
   2.2555204e+01
   2.2444888e+01
   2.2334570e+01
   2.2224248e+01
   2.2113931e+01
   2.2003613e+01
   2.1893291e+01
   2.1782975e+01
   2.1672657e+01
   2.1562335e+01
   2.1452018e+01
   2.1341700e+01
   2.1254866e+01
   2.1318088e+01
   2.1381308e+01
   2.1444531e+01
   2.1507753e+01
   2.1570975e+01
   2.1634196e+01
   2.1697417e+01
   2.1760640e+01
   2.1823861e+01
   2.1887081e+01
   2.1950305e+01
   2.2013525e+01
   2.2076746e+01
   2.2139970e+01
   2.2203190e+01
   2.2266411e+01
   2.2329634e+01
   2.2392855e+01
   2.2456075e+01
   2.2519299e+01
   2.2582520e+01
   2.2550846e+01
   2.2508258e+01
   2.2465673e+01
   2.2423086e+01
   2.2380499e+01
   2.2337913e+01
   2.2295327e+01
   2.2252739e+01
   2.2210154e+01
   2.2167567e+01
   2.2124980e+01
   2.2082394e+01
   2.2039808e+01
   2.1997220e+01
   2.1954635e+01
   2.1912049e+01
   2.1869461e+01
   2.1826875e+01
   2.1784290e+01
   2.1741702e+01
   2.1699116e+01
   2.1732077e+01
   2.1804310e+01
   2.1876542e+01
   2.1948773e+01
   2.2021008e+01
   2.2093240e+01
   2.2165471e+01
   2.2237706e+01
   2.2309937e+01
   2.2382169e+01
   2.2454403e+01
   2.2526635e+01
   2.2598867e+01
   2.2671101e+01
   2.2743333e+01
   2.2815564e+01
   2.2887799e+01
   2.2960031e+01
   2.3032262e+01
   2.3104497e+01
   2.3176728e+01
   2.3260603e+01
   2.3360594e+01
   2.3460582e+01
   2.3560569e+01
   2.3660560e+01
   2.3760548e+01
   2.3860535e+01
   2.3960526e+01
   2.4060514e+01
   2.4160501e+01
   2.4260493e+01
   2.4360480e+01
   2.4460467e+01
   2.4560459e+01
   2.4660446e+01
   2.4760433e+01
   2.4860425e+01
   2.4960412e+01
   2.5060399e+01
   2.5160391e+01
   2.5260379e+01
   2.5379474e+01
   2.5585281e+01
   2.5791081e+01
   2.5996880e+01
   2.6202689e+01
   2.6408488e+01
   2.6614288e+01
   2.6820096e+01
   2.7025896e+01
   2.7231696e+01
   2.7437504e+01
   2.7643304e+01
   2.7849103e+01
   2.8054912e+01
   2.8260711e+01
   2.8466511e+01
   2.8672320e+01
   2.8878119e+01
   2.9083919e+01
   2.9289726e+01
   2.9495527e+01
   2.9701334e+01
   2.9893821e+01
   3.0085484e+01
   3.0277155e+01
   3.0468817e+01
   3.0660480e+01
   3.0852151e+01
   3.1043813e+01
   3.1235476e+01
   3.1427147e+01
   3.1618809e+01
   3.1810472e+01
   3.2002143e+01
   3.2193806e+01
   3.2385468e+01
   3.2577139e+01
   3.2768802e+01
   3.2960464e+01
   3.3152135e+01
   3.3343798e+01
   3.3535460e+01
   3.3727133e+01
   3.4006128e+01
   3.4321980e+01
   3.4637845e+01
   3.4953696e+01
   3.5269549e+01
   3.5585414e+01
   3.5901265e+01
   3.6217117e+01
   3.6532982e+01
   3.6848834e+01
   3.7164685e+01
   3.7480551e+01
   3.7796403e+01
   3.8112254e+01
   3.8428120e+01
   3.8743972e+01
   3.9059823e+01
   3.9375688e+01
   3.9691540e+01
   4.0007392e+01
   4.0323255e+01
   4.0503530e+01
   4.0527394e+01
   4.0551258e+01
   4.0575122e+01
   4.0598986e+01
   4.0622849e+01
   4.0646713e+01
   4.0670577e+01
   4.0694441e+01
   4.0718304e+01
   4.0742168e+01
   4.0766032e+01
   4.0789896e+01
   4.0813759e+01
   4.0837623e+01
   4.0861487e+01
   4.0885351e+01
   4.0909215e+01
   4.0933078e+01
   4.0956942e+01
   4.0980807e+01
   4.1041292e+01
   4.1227308e+01
   4.1413332e+01
   4.1599349e+01
   4.1785365e+01
   4.1971389e+01
   4.2157405e+01
   4.2343422e+01
   4.2529446e+01
   4.2715462e+01
   4.2901480e+01
   4.3087504e+01
   4.3273520e+01
   4.3459537e+01
   4.3645561e+01
   4.3831577e+01
   4.4017594e+01
   4.4203618e+01
   4.4389634e+01
   4.4575651e+01
   4.4761675e+01
   4.4947691e+01
   4.4941090e+01
   4.4931941e+01
   4.4922793e+01
   4.4913644e+01
   4.4904495e+01
   4.4895346e+01
   4.4886197e+01
   4.4877048e+01
   4.4867899e+01
   4.4858750e+01
   4.4849601e+01
   4.4840452e+01
   4.4831303e+01
   4.4822154e+01
   4.4813005e+01
   4.4803856e+01
   4.4794707e+01
   4.4785558e+01
   4.4776409e+01
   4.4767260e+01
   4.4758111e+01
   4.4933969e+01
   4.5171989e+01
   4.5410009e+01
   4.5648039e+01
   4.5886058e+01
   4.6124078e+01
   4.6362108e+01
   4.6600128e+01
   4.6838148e+01
   4.7076178e+01
   4.7314197e+01
   4.7552217e+01
   4.7790247e+01
   4.8028267e+01
   4.8266287e+01
   4.8504316e+01
   4.8742336e+01
   4.8980356e+01
   4.9218385e+01
   4.9456405e+01
   4.9694425e+01
   4.9886289e+01
   5.0033713e+01
   5.0181139e+01
   5.0328572e+01
   5.0475997e+01
   5.0623422e+01
   5.0770854e+01
   5.0918280e+01
   5.1065705e+01
   5.1213137e+01
   5.1360563e+01
   5.1507989e+01
   5.1655420e+01
   5.1802846e+01
   5.1950272e+01
   5.2097704e+01
   5.2245129e+01
   5.2392555e+01
   5.2539987e+01
   5.2687413e+01
   5.2834838e+01
   5.2988700e+01
   5.3159837e+01
   5.3330976e+01
   5.3502121e+01
   5.3673259e+01
   5.3844398e+01
   5.4015543e+01
   5.4186682e+01
   5.4357819e+01
   5.4528965e+01
   5.4700104e+01
   5.4871241e+01
   5.5042387e+01
   5.5213526e+01
   5.5384663e+01
   5.5555809e+01
   5.5726948e+01
   5.5898085e+01
   5.6069231e+01
   5.6240370e+01
   5.6411508e+01
   5.6582906e+01
   5.6761898e+01
   5.6940889e+01
   5.7119888e+01
   5.7298879e+01
   5.7477871e+01
   5.7656870e+01
   5.7835861e+01
   5.8014853e+01
   5.8193852e+01
   5.8372844e+01
   5.8551836e+01
   5.8730835e+01
   5.8909826e+01
   5.9088818e+01
   5.9267817e+01
   5.9446808e+01
   5.9625800e+01
   5.9804799e+01
   5.9983790e+01
   6.0162782e+01
   6.0341780e+01
   6.0440152e+01
   6.0517575e+01
   6.0595001e+01
   6.0672424e+01
   6.0749845e+01
   6.0827272e+01
   6.0904694e+01
   6.0982116e+01
   6.1059542e+01
   6.1136964e+01
   6.1214386e+01
   6.1291813e+01
   6.1369234e+01
   6.1446661e+01
   6.1524083e+01
   6.1601505e+01
   6.1678931e+01
   6.1756354e+01
   6.1833775e+01
   6.1911202e+01
   6.1988623e+01
   6.1997646e+01
   6.1951786e+01
   6.1905929e+01
   6.1860070e+01
   6.1814210e+01
   6.1768352e+01
   6.1722493e+01
   6.1676634e+01
   6.1630776e+01
   6.1584917e+01
   6.1539057e+01
   6.1493200e+01
   6.1447341e+01
   6.1401481e+01
   6.1355623e+01
   6.1309764e+01
   6.1263905e+01
   6.1218047e+01
   6.1172188e+01
   6.1126328e+01
   6.1080471e+01
   6.1016840e+01
   6.0914725e+01
   6.0812614e+01
   6.0710502e+01
   6.0608386e+01
   6.0506275e+01
   6.0404164e+01
   6.0302048e+01
   6.0199937e+01
   6.0097825e+01
   5.9995709e+01
   5.9893599e+01
   5.9791487e+01
   5.9689371e+01
   5.9587260e+01
   5.9485148e+01
   5.9383033e+01
   5.9280922e+01
   5.9178810e+01
   5.9076695e+01
   5.8974583e+01
   5.8876919e+01
   5.8832217e+01
   5.8787518e+01
   5.8742820e+01
   5.8698118e+01
   5.8653420e+01
   5.8608721e+01
   5.8564020e+01
   5.8519321e+01
   5.8474622e+01
   5.8429921e+01
   5.8385222e+01
   5.8340524e+01
   5.8295822e+01
   5.8251123e+01
   5.8206425e+01
   5.8161723e+01
   5.8117025e+01
   5.8072326e+01
   5.8027625e+01
   5.7982926e+01
   5.7938227e+01
   5.8015662e+01
   5.8116610e+01
   5.8217556e+01
   5.8318507e+01
   5.8419455e+01
   5.8520401e+01
   5.8621353e+01
   5.8722300e+01
   5.8823246e+01
   5.8924198e+01
   5.9025145e+01
   5.9126092e+01
   5.9227043e+01
   5.9327990e+01
   5.9428937e+01
   5.9529888e+01
   5.9630835e+01
   5.9731782e+01
   5.9832733e+01
   5.9933680e+01
   6.0034627e+01
   6.0073137e+01
   6.0070033e+01
   6.0066929e+01
   6.0063825e+01
   6.0060720e+01
   6.0057616e+01
   6.0054512e+01
   6.0051408e+01
   6.0048304e+01
   6.0045199e+01
   6.0042095e+01
   6.0038991e+01
   6.0035887e+01
   6.0032782e+01
   6.0029678e+01
   6.0026574e+01
   6.0023470e+01
   6.0020366e+01
   6.0017261e+01
   6.0014157e+01
   6.0011053e+01
   6.0022700e+01
   6.0060436e+01
   6.0098173e+01
   6.0135908e+01
   6.0173645e+01
   6.0211382e+01
   6.0249117e+01
   6.0286853e+01
   6.0324591e+01
   6.0362326e+01
   6.0400062e+01
   6.0437799e+01
   6.0475535e+01
   6.0513271e+01
   6.0551008e+01
   6.0588743e+01
   6.0626480e+01
   6.0664217e+01
   6.0701952e+01
   6.0739688e+01
   6.0777424e+01
   6.0805680e+01
   6.0766155e+01
   6.0726629e+01
   6.0687104e+01
   6.0647579e+01
   6.0608053e+01
   6.0568529e+01
   6.0529004e+01
   6.0489478e+01
   6.0449954e+01
   6.0410430e+01
   6.0370902e+01
   6.0331378e+01
   6.0291854e+01
   6.0252327e+01
   6.0212803e+01
   6.0173279e+01
   6.0133752e+01
   6.0094228e+01
   6.0054704e+01
   6.0015176e+01
   5.9975652e+01
   5.9948418e+01
   5.9922799e+01
   5.9897181e+01
   5.9871562e+01
   5.9845944e+01
   5.9820325e+01
   5.9794706e+01
   5.9769088e+01
   5.9743469e+01
   5.9717851e+01
   5.9692232e+01
   5.9666613e+01
   5.9640995e+01
   5.9615376e+01
   5.9589758e+01
   5.9564139e+01
   5.9538520e+01
   5.9512902e+01
   5.9487283e+01
   5.9461664e+01
   5.9436046e+01
   5.9379429e+01
   5.9305773e+01
   5.9232120e+01
   5.9158467e+01
   5.9084811e+01
   5.9011158e+01
   5.8937505e+01
   5.8863849e+01
   5.8790196e+01
   5.8716543e+01
   5.8642887e+01
   5.8569234e+01
   5.8495581e+01
   5.8421925e+01
   5.8348272e+01
   5.8274619e+01
   5.8200963e+01
   5.8127310e+01
   5.8053657e+01
   5.7980001e+01
   5.7906348e+01
   5.7809966e+01
   5.7680383e+01
   5.7550805e+01
   5.7421227e+01
   5.7291644e+01
   5.7162066e+01
   5.7032488e+01
   5.6902905e+01
   5.6773327e+01
   5.6643743e+01
   5.6514166e+01
   5.6384588e+01
   5.6255004e+01
   5.6125427e+01
   5.5995849e+01
   5.5866265e+01
   5.5736688e+01
   5.5607110e+01
   5.5477526e+01
   5.5347948e+01
   5.5218371e+01
   5.5114471e+01
   5.5138173e+01
   5.5161876e+01
   5.5185578e+01
   5.5209280e+01
   5.5232982e+01
   5.5256685e+01
   5.5280387e+01
   5.5304089e+01
   5.5327792e+01
   5.5351494e+01
   5.5375196e+01
   5.5398898e+01
   5.5422601e+01
   5.5446303e+01
   5.5470005e+01
   5.5493707e+01
   5.5517410e+01
   5.5541112e+01
   5.5564814e+01
   5.5588516e+01
   5.5612220e+01
   5.5678729e+01
   5.5748507e+01
   5.5818287e+01
   5.5888065e+01
   5.5957842e+01
   5.6027623e+01
   5.6097400e+01
   5.6167178e+01
   5.6236959e+01
   5.6306736e+01
   5.6376514e+01
   5.6446294e+01
   5.6516072e+01
   5.6585849e+01
   5.6655630e+01
   5.6725408e+01
   5.6795185e+01
   5.6864966e+01
   5.6934743e+01
   5.7004521e+01
   5.7074300e+01
   5.7060434e+01
   5.7009017e+01
   5.6957598e+01
   5.6906182e+01
   5.6854766e+01
   5.6803347e+01
   5.6751931e+01
   5.6700515e+01
   5.6649096e+01
   5.6597680e+01
   5.6546264e+01
   5.6494845e+01
   5.6443429e+01
   5.6392013e+01
   5.6340594e+01
   5.6289178e+01
   5.6237761e+01
   5.6186342e+01
   5.6134926e+01
   5.6083510e+01
   5.6032091e+01
   5.5971654e+01
   5.5900267e+01
   5.5828877e+01
   5.5757489e+01
   5.5686102e+01
   5.5614711e+01
   5.5543324e+01
   5.5471937e+01
   5.5400546e+01
   5.5329159e+01
   5.5257772e+01
   5.5186381e+01
   5.5114994e+01
   5.5043607e+01
   5.4972216e+01
   5.4900829e+01
   5.4829442e+01
   5.4758051e+01
   5.4686664e+01
   5.4615277e+01
   5.4543887e+01
   5.4489370e+01
   5.4497265e+01
   5.4505160e+01
   5.4513055e+01
   5.4520950e+01
   5.4528846e+01
   5.4536741e+01
   5.4544636e+01
   5.4552531e+01
   5.4560426e+01
   5.4568321e+01
   5.4576216e+01
   5.4584111e+01
   5.4592006e+01
   5.4599902e+01
   5.4607797e+01
   5.4615692e+01
   5.4623587e+01
   5.4631482e+01
   5.4639377e+01
   5.4647272e+01
   5.4655167e+01
   5.4694192e+01
   5.4734035e+01
   5.4773879e+01
   5.4813723e+01
   5.4853566e+01
   5.4893410e+01
   5.4933255e+01
   5.4973098e+01
   5.5012942e+01
   5.5052787e+01
   5.5092630e+01
   5.5132473e+01
   5.5172318e+01
   5.5212161e+01
   5.5252005e+01
   5.5291850e+01
   5.5331693e+01
   5.5371537e+01
   5.5411381e+01
   5.5451224e+01
   5.5491068e+01
   5.5521609e+01
   5.5548804e+01
   5.5575999e+01
   5.5603193e+01
   5.5630388e+01
   5.5657582e+01
   5.5684777e+01
   5.5711971e+01
   5.5739166e+01
   5.5766360e+01
   5.5793555e+01
   5.5820749e+01
   5.5847944e+01
   5.5875138e+01
   5.5902333e+01
   5.5929527e+01
   5.5956722e+01
   5.5983916e+01
   5.6011111e+01
   5.6038305e+01
   5.6065500e+01
   5.6125704e+01
   5.6219321e+01
   5.6312937e+01
   5.6406556e+01
   5.6500173e+01
   5.6593788e+01
   5.6687408e+01
   5.6781025e+01
   5.6874640e+01
   5.6968261e+01
   5.7061877e+01
   5.7155492e+01
   5.7249113e+01
   5.7342729e+01
   5.7436344e+01
   5.7529965e+01
   5.7623581e+01
   5.7717197e+01
   5.7810817e+01
   5.7904433e+01
   5.7998049e+01
   5.8061358e+01
   5.8037517e+01
   5.8013677e+01
   5.7989836e+01
   5.7965995e+01
   5.7942154e+01
   5.7918314e+01
   5.7894473e+01
   5.7870632e+01
   5.7846792e+01
   5.7822951e+01
   5.7799110e+01
   5.7775270e+01
   5.7751429e+01
   5.7727588e+01
   5.7703748e+01
   5.7679907e+01
   5.7656066e+01
   5.7632225e+01
   5.7608385e+01
   5.7584545e+01
   5.7564521e+01
   5.7739974e+01
   5.7915435e+01
   5.8090887e+01
   5.8266340e+01
   5.8441800e+01
   5.8617252e+01
   5.8792705e+01
   5.8968166e+01
   5.9143618e+01
   5.9319071e+01
   5.9494530e+01
   5.9669983e+01
   5.9845435e+01
   6.0020896e+01
   6.0196349e+01
   6.0371801e+01
   6.0547261e+01
   6.0722714e+01
   6.0898167e+01
   6.1073627e+01
   6.1249079e+01
   6.1277555e+01
   6.1264740e+01
   6.1251925e+01
   6.1239110e+01
   6.1226295e+01
   6.1213480e+01
   6.1200664e+01
   6.1187849e+01
   6.1175034e+01
   6.1162219e+01
   6.1149404e+01
   6.1136589e+01
   6.1123774e+01
   6.1110958e+01
   6.1098143e+01
   6.1085328e+01
   6.1072513e+01
   6.1059698e+01
   6.1046883e+01
   6.1034067e+01
   6.1021252e+01
   6.0925850e+01
   6.0760591e+01
   6.0595340e+01
   6.0430088e+01
   6.0264829e+01
   6.0099577e+01
   5.9934325e+01
   5.9769066e+01
   5.9603814e+01
   5.9438562e+01
   5.9273303e+01
   5.9108051e+01
   5.8942799e+01
   5.8777540e+01
   5.8612288e+01
   5.8447036e+01
   5.8281777e+01
   5.8116525e+01
   5.7951273e+01
   5.7786014e+01
   5.7620762e+01
   5.7497640e+01
   5.7471289e+01
   5.7444941e+01
   5.7418592e+01
   5.7392243e+01
   5.7365894e+01
   5.7339545e+01
   5.7313196e+01
   5.7286848e+01
   5.7260499e+01
   5.7234150e+01
   5.7207801e+01
   5.7181452e+01
   5.7155104e+01
   5.7128755e+01
   5.7102406e+01
   5.7076057e+01
   5.7049708e+01
   5.7023359e+01
   5.6997011e+01
   5.6970662e+01
   5.6954224e+01
   5.7081757e+01
   5.7209287e+01
   5.7336819e+01
   5.7464354e+01
   5.7591884e+01
   5.7719414e+01
   5.7846951e+01
   5.7974481e+01
   5.8102011e+01
   5.8229547e+01
   5.8357077e+01
   5.8484608e+01
   5.8612144e+01
   5.8739674e+01
   5.8867204e+01
   5.8994741e+01
   5.9122271e+01
   5.9249801e+01
   5.9377337e+01
   5.9504868e+01
   5.9632403e+01
   5.9736823e+01
   5.9836371e+01
   5.9935925e+01
   6.0035474e+01
   6.0135022e+01
   6.0234576e+01
   6.0334125e+01
   6.0433673e+01
   6.0533227e+01
   6.0632776e+01
   6.0732324e+01
   6.0831878e+01
   6.0931426e+01
   6.1030976e+01
   6.1130529e+01
   6.1230077e+01
   6.1329627e+01
   6.1429180e+01
   6.1528728e+01
   6.1628278e+01
   6.1727831e+01
   6.1837664e+01
   6.1954734e+01
   6.2071807e+01
   6.2188876e+01
   6.2305946e+01
   6.2423019e+01
   6.2540088e+01
   6.2657157e+01
   6.2774231e+01
   6.2891299e+01
   6.3008369e+01
   6.3125443e+01
   6.3242511e+01
   6.3359581e+01
   6.3476654e+01
   6.3593723e+01
   6.3710792e+01
   6.3827866e+01
   6.3944934e+01
   6.4062003e+01
   6.4179077e+01
   6.4237144e+01
   6.4184940e+01
   6.4132734e+01
   6.4080531e+01
   6.4028328e+01
   6.3976122e+01
   6.3923918e+01
   6.3871715e+01
   6.3819509e+01
   6.3767306e+01
   6.3715103e+01
   6.3662896e+01
   6.3610693e+01
   6.3558490e+01
   6.3506284e+01
   6.3454081e+01
   6.3401877e+01
   6.3349671e+01
   6.3297468e+01
   6.3245265e+01
   6.3193058e+01
   6.3132299e+01
   6.3002076e+01
   6.2871847e+01
   6.2741624e+01
   6.2611401e+01
   6.2481173e+01
   6.2350949e+01
   6.2220726e+01
   6.2090498e+01
   6.1960274e+01
   6.1830051e+01
   6.1699823e+01
   6.1569599e+01
   6.1439377e+01
   6.1309149e+01
   6.1178926e+01
   6.1048702e+01
   6.0918474e+01
   6.0788251e+01
   6.0658027e+01
   6.0527799e+01
   6.0397576e+01
   6.0416710e+01
   6.0457930e+01
   6.0499149e+01
   6.0540368e+01
   6.0581589e+01
   6.0622808e+01
   6.0664027e+01
   6.0705248e+01
   6.0746467e+01
   6.0787686e+01
   6.0828907e+01
   6.0870126e+01
   6.0911345e+01
   6.0952566e+01
   6.0993785e+01
   6.1035006e+01
   6.1076224e+01
   6.1117444e+01
   6.1158665e+01
   6.1199883e+01
   6.1241103e+01
   6.1254354e+01
   6.1251339e+01
   6.1248324e+01
   6.1245310e+01
   6.1242295e+01
   6.1239280e+01
   6.1236265e+01
   6.1233251e+01
   6.1230236e+01
   6.1227221e+01
   6.1224206e+01
   6.1221192e+01
   6.1218177e+01
   6.1215162e+01
   6.1212147e+01
   6.1209133e+01
   6.1206118e+01
   6.1203103e+01
   6.1200088e+01
   6.1197074e+01
   6.1194059e+01
   6.1186741e+01
   6.1172788e+01
   6.1158835e+01
   6.1144882e+01
   6.1130929e+01
   6.1116976e+01
   6.1103023e+01
   6.1089070e+01
   6.1075117e+01
   6.1061164e+01
   6.1047211e+01
   6.1033258e+01
   6.1019305e+01
   6.1005352e+01
   6.0991399e+01
   6.0977446e+01
   6.0963493e+01
   6.0949540e+01
   6.0935587e+01
   6.0921634e+01
   6.0907681e+01
   6.0907893e+01
   6.0985370e+01
   6.1062846e+01
   6.1140325e+01
   6.1217801e+01
   6.1295277e+01
   6.1372757e+01
   6.1450233e+01
   6.1527709e+01
   6.1605188e+01
   6.1682664e+01
   6.1760140e+01
   6.1837620e+01
   6.1915096e+01
   6.1992572e+01
   6.2070051e+01
   6.2147527e+01
   6.2225003e+01
   6.2302483e+01
   6.2379959e+01
   6.2457435e+01
   6.2534914e+01
   6.2579280e+01
   6.2620609e+01
   6.2661941e+01
   6.2703272e+01
   6.2744601e+01
   6.2785933e+01
   6.2827263e+01
   6.2868593e+01
   6.2909925e+01
   6.2951255e+01
   6.2992585e+01
   6.3033917e+01
   6.3075247e+01
   6.3116577e+01
   6.3157909e+01
   6.3199239e+01
   6.3240569e+01
   6.3281901e+01
   6.3323231e+01
   6.3364561e+01
   6.3405893e+01
   6.3374454e+01
   6.3308384e+01
   6.3242312e+01
   6.3176242e+01
   6.3110172e+01
   6.3044099e+01
   6.2978030e+01
   6.2911960e+01
   6.2845888e+01
   6.2779817e+01
   6.2713748e+01
   6.2647676e+01
   6.2581605e+01
   6.2515533e+01
   6.2449464e+01
   6.2383394e+01
   6.2317321e+01
   6.2251251e+01
   6.2185182e+01
   6.2119109e+01
   6.2053039e+01
   6.1998799e+01
   6.1959696e+01
   6.1920596e+01
   6.1881495e+01
   6.1842393e+01
   6.1803292e+01
   6.1764191e+01
   6.1725089e+01
   6.1685989e+01
   6.1646888e+01
   6.1607785e+01
   6.1568685e+01
   6.1529584e+01
   6.1490482e+01
   6.1451382e+01
   6.1412280e+01
   6.1373178e+01
   6.1334078e+01
   6.1294977e+01
   6.1255875e+01
   6.1216774e+01
   6.1204032e+01
   6.1296614e+01
   6.1389192e+01
   6.1481771e+01
   6.1574354e+01
   6.1666932e+01
   6.1759512e+01
   6.1852094e+01
   6.1944673e+01
   6.2037252e+01
   6.2129834e+01
   6.2222413e+01
   6.2314992e+01
   6.2407574e+01
   6.2500154e+01
   6.2592733e+01
   6.2685315e+01
   6.2777894e+01
   6.2870473e+01
   6.2963055e+01
   6.3055634e+01
   6.3148213e+01
   6.3211270e+01
   6.3273133e+01
   6.3334997e+01
   6.3396864e+01
   6.3458727e+01
   6.3520591e+01
   6.3582457e+01
   6.3644321e+01
   6.3706185e+01
   6.3768051e+01
   6.3829915e+01
   6.3891778e+01
   6.3953645e+01
   6.4015509e+01
   6.4077372e+01
   6.4139239e+01
   6.4201103e+01
   6.4262966e+01
   6.4324833e+01
   6.4386696e+01
   6.4448560e+01
   6.4522718e+01
   6.4601586e+01
   6.4680455e+01
   6.4759326e+01
   6.4838194e+01
   6.4917063e+01
   6.4995934e+01
   6.5074803e+01
   6.5153671e+01
   6.5232543e+01
   6.5311411e+01
   6.5390279e+01
   6.5469151e+01
   6.5548019e+01
   6.5626887e+01
   6.5705759e+01
   6.5784628e+01
   6.5863495e+01
   6.5942367e+01
   6.6021236e+01
   6.6100103e+01
   6.6136905e+01
   6.6128835e+01
   6.6120765e+01
   6.6112695e+01
   6.6104624e+01
   6.6096554e+01
   6.6088484e+01
   6.6080414e+01
   6.6072344e+01
   6.6064274e+01
   6.6056204e+01
   6.6048134e+01
   6.6040064e+01
   6.6031994e+01
   6.6023924e+01
   6.6015853e+01
   6.6007783e+01
   6.5999713e+01
   6.5991643e+01
   6.5983573e+01
   6.5975504e+01
   6.6005739e+01
   6.6154015e+01
   6.6302297e+01
   6.6450573e+01
   6.6598849e+01
   6.6747131e+01
   6.6895407e+01
   6.7043684e+01
   6.7191966e+01
   6.7340242e+01
   6.7488517e+01
   6.7636800e+01
   6.7785076e+01
   6.7933351e+01
   6.8081634e+01
   6.8229909e+01
   6.8378185e+01
   6.8526468e+01
   6.8674743e+01
   6.8823019e+01
   6.8971302e+01
   6.9118818e+01
   6.9150635e+01
   6.9182453e+01
   6.9214269e+01
   6.9246086e+01
   6.9277904e+01
   6.9309720e+01
   6.9341537e+01
   6.9373354e+01
   6.9405171e+01
   6.9436989e+01
   6.9468806e+01
   6.9500623e+01
   6.9532440e+01
   6.9564257e+01
   6.9596074e+01
   6.9627891e+01
   6.9659708e+01
   6.9691525e+01
   6.9723342e+01
   6.9755159e+01
   6.9786977e+01
   6.9720748e+01
   6.9624837e+01
   6.9528929e+01
   6.9433020e+01
   6.9337109e+01
   6.9241200e+01
   6.9145293e+01
   6.9049380e+01
   6.8953472e+01
   6.8857564e+01
   6.8761652e+01
   6.8665744e+01
   6.8569836e+01
   6.8473924e+01
   6.8378015e+01
   6.8282108e+01
   6.8186195e+01
   6.8090287e+01
   6.7994380e+01
   6.7898467e+01
   6.7802559e+01
   6.7770395e+01
   6.7794950e+01
   6.7819507e+01
   6.7844063e+01
   6.7868620e+01
   6.7893176e+01
   6.7917732e+01
   6.7942289e+01
   6.7966845e+01
   6.7991401e+01
   6.8015958e+01
   6.8040514e+01
   6.8065070e+01
   6.8089627e+01
   6.8114183e+01
   6.8138739e+01
   6.8163296e+01
   6.8187852e+01
   6.8212409e+01
   6.8236965e+01
   6.8261521e+01
   6.8266338e+01
   6.8222887e+01
   6.8179435e+01
   6.8135985e+01
   6.8092533e+01
   6.8049081e+01
   6.8005629e+01
   6.7962179e+01
   6.7918727e+01
   6.7875275e+01
   6.7831825e+01
   6.7788373e+01
   6.7744921e+01
   6.7701471e+01
   6.7658019e+01
   6.7614567e+01
   6.7571117e+01
   6.7527665e+01
   6.7484213e+01
   6.7440763e+01
   6.7397311e+01
   6.7357017e+01
   6.7374528e+01
   6.7392039e+01
   6.7409551e+01
   6.7427062e+01
   6.7444573e+01
   6.7462084e+01
   6.7479596e+01
   6.7497107e+01
   6.7514618e+01
   6.7532129e+01
   6.7549641e+01
   6.7567152e+01
   6.7584663e+01
   6.7602174e+01
   6.7619686e+01
   6.7637197e+01
   6.7654708e+01
   6.7672220e+01
   6.7689731e+01
   6.7707242e+01
   6.7724754e+01
   6.7809207e+01
   6.7909069e+01
   6.8008935e+01
   6.8108796e+01
   6.8208658e+01
   6.8308524e+01
   6.8408386e+01
   6.8508248e+01
   6.8608113e+01
   6.8707975e+01
   6.8807837e+01
   6.8907702e+01
   6.9007564e+01
   6.9107426e+01
   6.9207291e+01
   6.9307154e+01
   6.9407016e+01
   6.9506881e+01
   6.9606743e+01
   6.9706604e+01
   6.9806470e+01
   6.9865483e+01
   6.9894231e+01
   6.9922978e+01
   6.9951726e+01
   6.9980474e+01
   7.0009222e+01
   7.0037969e+01
   7.0066717e+01
   7.0095465e+01
   7.0124212e+01
   7.0152960e+01
   7.0181708e+01
   7.0210456e+01
   7.0239203e+01
   7.0267951e+01
   7.0296699e+01
   7.0325445e+01
   7.0354194e+01
   7.0382942e+01
   7.0411689e+01
   7.0440437e+01
   7.0441765e+01
   7.0388785e+01
   7.0335802e+01
   7.0282822e+01
   7.0229843e+01
   7.0176860e+01
   7.0123880e+01
   7.0070900e+01
   7.0017919e+01
   6.9964938e+01
   6.9911958e+01
   6.9858976e+01
   6.9805996e+01
   6.9753016e+01
   6.9700034e+01
   6.9647053e+01
   6.9594074e+01
   6.9541092e+01
   6.9488111e+01
   6.9435131e+01
   6.9382150e+01
   6.9331843e+01
   6.9306421e+01
   6.9280997e+01
   6.9255574e+01
   6.9230149e+01
   6.9204727e+01
   6.9179304e+01
   6.9153880e+01
   6.9128458e+01
   6.9103035e+01
   6.9077610e+01
   6.9052188e+01
   6.9026765e+01
   6.9001341e+01
   6.8975919e+01
   6.8950496e+01
   6.8925072e+01
   6.8899649e+01
   6.8874226e+01
   6.8848803e+01
   6.8823380e+01
   6.8797957e+01
   6.8743650e+01
   6.8684570e+01
   6.8625490e+01
   6.8566407e+01
   6.8507328e+01
   6.8448248e+01
   6.8389165e+01
   6.8330085e+01
   6.8271006e+01
   6.8211923e+01
   6.8152843e+01
   6.8093763e+01
   6.8034681e+01
   6.7975601e+01
   6.7916521e+01
   6.7857439e+01
   6.7798359e+01
   6.7739279e+01
   6.7680196e+01
   6.7621117e+01
   6.7562037e+01
   6.7540415e+01
   6.7541829e+01
   6.7543242e+01
   6.7544656e+01
   6.7546069e+01
   6.7547483e+01
   6.7548896e+01
   6.7550310e+01
   6.7551723e+01
   6.7553137e+01
   6.7554550e+01
   6.7555963e+01
   6.7557377e+01
   6.7558790e+01
   6.7560204e+01
   6.7561617e+01
   6.7563031e+01
   6.7564444e+01
   6.7565858e+01
   6.7567271e+01
   6.7568685e+01
   6.7543226e+01
   6.7474069e+01
   6.7404912e+01
   6.7335752e+01
   6.7266595e+01
   6.7197438e+01
   6.7128278e+01
   6.7059121e+01
   6.6989964e+01
   6.6920804e+01
   6.6851647e+01
   6.6782490e+01
   6.6713330e+01
   6.6644173e+01
   6.6575016e+01
   6.6505856e+01
   6.6436699e+01
   6.6367542e+01
   6.6298382e+01
   6.6229225e+01
   6.6160068e+01
   6.6097664e+01
   6.6076119e+01
   6.6054574e+01
   6.6033029e+01
   6.6011484e+01
   6.5989939e+01
   6.5968394e+01
   6.5946850e+01
   6.5925305e+01
   6.5903760e+01
   6.5882215e+01
   6.5860670e+01
   6.5839125e+01
   6.5817580e+01
   6.5796035e+01
   6.5774491e+01
   6.5752946e+01
   6.5731401e+01
   6.5709856e+01
   6.5688311e+01
   6.5666766e+01
   6.5645221e+01
   6.5655826e+01
   6.5669869e+01
   6.5683911e+01
   6.5697954e+01
   6.5711997e+01
   6.5726039e+01
   6.5740082e+01
   6.5754124e+01
   6.5768167e+01
   6.5782210e+01
   6.5796252e+01
   6.5810295e+01
   6.5824338e+01
   6.5838380e+01
   6.5852423e+01
   6.5866465e+01
   6.5880508e+01
   6.5894551e+01
   6.5908593e+01
   6.5922636e+01
   6.5936679e+01
   6.5970061e+01
   6.6013208e+01
   6.6056354e+01
   6.6099501e+01
   6.6142648e+01
   6.6185794e+01
   6.6228941e+01
   6.6272088e+01
   6.6315234e+01
   6.6358380e+01
   6.6401529e+01
   6.6444674e+01
   6.6487820e+01
   6.6530969e+01
   6.6574114e+01
   6.6617260e+01
   6.6660409e+01
   6.6703554e+01
   6.6746700e+01
   6.6789849e+01
   6.6832995e+01
   6.6859588e+01
   6.6863877e+01
   6.6868167e+01
   6.6872457e+01
   6.6876747e+01
   6.6881036e+01
   6.6885326e+01
   6.6889616e+01
   6.6893906e+01
   6.6898195e+01
   6.6902485e+01
   6.6906775e+01
   6.6911065e+01
   6.6915355e+01
   6.6919644e+01
   6.6923934e+01
   6.6928224e+01
   6.6932514e+01
   6.6936803e+01
   6.6941093e+01
   6.6945383e+01
   6.6967060e+01
   6.7064275e+01
   6.7161487e+01
   6.7258698e+01
   6.7355914e+01
   6.7453126e+01
   6.7550338e+01
   6.7647554e+01
   6.7744766e+01
   6.7841977e+01
   6.7939193e+01
   6.8036406e+01
   6.8133617e+01
   6.8230833e+01
   6.8328045e+01
   6.8425256e+01
   6.8522473e+01
   6.8619685e+01
   6.8716896e+01
   6.8814112e+01
   6.8911324e+01
   6.9008536e+01
   6.9034560e+01
   6.9056728e+01
   6.9078896e+01
   6.9101065e+01
   6.9123233e+01
   6.9145401e+01
   6.9167570e+01
   6.9189738e+01
   6.9211906e+01
   6.9234074e+01
   6.9256243e+01
   6.9278411e+01
   6.9300579e+01
   6.9322748e+01
   6.9344916e+01
   6.9367084e+01
   6.9389252e+01
   6.9411421e+01
   6.9433589e+01
   6.9455757e+01
   6.9477926e+01
   6.9492339e+01
   6.9503581e+01
   6.9514823e+01
   6.9526065e+01
   6.9537307e+01
   6.9548550e+01
   6.9559792e+01
   6.9571034e+01
   6.9582276e+01
   6.9593518e+01
   6.9604760e+01
   6.9616002e+01
   6.9627244e+01
   6.9638486e+01
   6.9649729e+01
   6.9660971e+01
   6.9672213e+01
   6.9683455e+01
   6.9694697e+01
   6.9705939e+01
   6.9717181e+01
   6.9689143e+01
   6.9616963e+01
   6.9544779e+01
   6.9472598e+01
   6.9400417e+01
   6.9328234e+01
   6.9256053e+01
   6.9183872e+01
   6.9111689e+01
   6.9039508e+01
   6.8967327e+01
   6.8895143e+01
   6.8822963e+01
   6.8750782e+01
   6.8678598e+01
   6.8606417e+01
   6.8534237e+01
   6.8462053e+01
   6.8389872e+01
   6.8317691e+01
   6.8245508e+01
   6.8193747e+01
   6.8209440e+01
   6.8225133e+01
   6.8240827e+01
   6.8256520e+01
   6.8272214e+01
   6.8287907e+01
   6.8303600e+01
   6.8319294e+01
   6.8334987e+01
   6.8350680e+01
   6.8366374e+01
   6.8382067e+01
   6.8397761e+01
   6.8413454e+01
   6.8429147e+01
   6.8444841e+01
   6.8460534e+01
   6.8476227e+01
   6.8491921e+01
   6.8507614e+01
   6.8523308e+01
   6.8431082e+01
   6.8338142e+01
   6.8245207e+01
   6.8152272e+01
   6.8059333e+01
   6.7966397e+01
   6.7873463e+01
   6.7780523e+01
   6.7687588e+01
   6.7594653e+01
   6.7501714e+01
   6.7408778e+01
   6.7315844e+01
   6.7222904e+01
   6.7129969e+01
   6.7037034e+01
   6.6944094e+01
   6.6851159e+01
   6.6758224e+01
   6.6665285e+01
   6.6572349e+01
   6.6569641e+01
   6.6596212e+01
   6.6622783e+01
   6.6649353e+01
   6.6675925e+01
   6.6702496e+01
   6.6729067e+01
   6.6755639e+01
   6.6782210e+01
   6.6808780e+01
   6.6835352e+01
   6.6861923e+01
   6.6888493e+01
   6.6915065e+01
   6.6941636e+01
   6.6968208e+01
   6.6994778e+01
   6.7021349e+01
   6.7047921e+01
   6.7074491e+01
   6.7101062e+01
   6.7104844e+01
   6.7087258e+01
   6.7069672e+01
   6.7052086e+01
   6.7034500e+01
   6.7016914e+01
   6.6999328e+01
   6.6981742e+01
   6.6964156e+01
   6.6946570e+01
   6.6928984e+01
   6.6911398e+01
   6.6893812e+01
   6.6876226e+01
   6.6858640e+01
   6.6841054e+01
   6.6823468e+01
   6.6805882e+01
   6.6788296e+01
   6.6770710e+01
   6.6753124e+01
   6.6753929e+01
   6.6802582e+01
   6.6851236e+01
   6.6899893e+01
   6.6948546e+01
   6.6997200e+01
   6.7045856e+01
   6.7094510e+01
   6.7143164e+01
   6.7191820e+01
   6.7240474e+01
   6.7289127e+01
   6.7337784e+01
   6.7386438e+01
   6.7435091e+01
   6.7483748e+01
   6.7532401e+01
   6.7581055e+01
   6.7629712e+01
   6.7678365e+01
   6.7727019e+01
   6.7770403e+01
   6.7682968e+01
   6.7595532e+01
   6.7508094e+01
   6.7420659e+01
   6.7333224e+01
   6.7245786e+01
   6.7158351e+01
   6.7070916e+01
   6.6983477e+01
   6.6896042e+01
   6.6808607e+01
   6.6721169e+01
   6.6633734e+01
   6.6546299e+01
   6.6458861e+01
   6.6371426e+01
   6.6283990e+01
   6.6196552e+01
   6.6109117e+01
   6.6021682e+01
   6.5934245e+01
   6.5926211e+01
   6.5937995e+01
   6.5949780e+01
   6.5961564e+01
   6.5973349e+01
   6.5985133e+01
   6.5996918e+01
   6.6008702e+01
   6.6020487e+01
   6.6032271e+01
   6.6044056e+01
   6.6055840e+01
   6.6067625e+01
   6.6079409e+01
   6.6091194e+01
   6.6102978e+01
   6.6114763e+01
   6.6126547e+01
   6.6138332e+01
   6.6150116e+01
   6.6161901e+01
   6.6142480e+01
   6.6098677e+01
   6.6054871e+01
   6.6011067e+01
   6.5967263e+01
   6.5923458e+01
   6.5879653e+01
   6.5835850e+01
   6.5792044e+01
   6.5748240e+01
   6.5704434e+01
   6.5660631e+01
   6.5616826e+01
   6.5573021e+01
   6.5529218e+01
   6.5485413e+01
   6.5441608e+01
   6.5397804e+01
   6.5354000e+01
   6.5310194e+01
   6.5266391e+01
   6.5242939e+01
   6.5262169e+01
   6.5281399e+01
   6.5300628e+01
   6.5319858e+01
   6.5339088e+01
   6.5358318e+01
   6.5377548e+01
   6.5396777e+01
   6.5416007e+01
   6.5435237e+01
   6.5454467e+01
   6.5473697e+01
   6.5492927e+01
   6.5512156e+01
   6.5531386e+01
   6.5550616e+01
   6.5569846e+01
   6.5589076e+01
   6.5608305e+01
   6.5627535e+01
   6.5641357e+01
   6.5596188e+01
   6.5551020e+01
   6.5505853e+01
   6.5460683e+01
   6.5415516e+01
   6.5370349e+01
   6.5325179e+01
   6.5280012e+01
   6.5234845e+01
   6.5189675e+01
   6.5144508e+01
   6.5099341e+01
   6.5054171e+01
   6.5009004e+01
   6.4963837e+01
   6.4918667e+01
   6.4873500e+01
   6.4828332e+01
   6.4783162e+01
   6.4737995e+01
   6.4692828e+01
   6.4731931e+01
   6.4786480e+01
   6.4841030e+01
   6.4895582e+01
   6.4950132e+01
   6.5004681e+01
   6.5059234e+01
   6.5113784e+01
   6.5168333e+01
   6.5222886e+01
   6.5277435e+01
   6.5331985e+01
   6.5386537e+01
   6.5441087e+01
   6.5495636e+01
   6.5550189e+01
   6.5604738e+01
   6.5659288e+01
   6.5713840e+01
   6.5768390e+01
   6.5822939e+01
   6.5776961e+01
   6.5665790e+01
   6.5554620e+01
   6.5443445e+01
   6.5332274e+01
   6.5221104e+01
   6.5109929e+01
   6.4998758e+01
   6.4887588e+01
   6.4776413e+01
   6.4665243e+01
   6.4554072e+01
   6.4442897e+01
   6.4331727e+01
   6.4220556e+01
   6.4109382e+01
   6.3998212e+01
   6.3887041e+01
   6.3775866e+01
   6.3664696e+01
   6.3553525e+01
   6.3488801e+01
   6.3503951e+01
   6.3519102e+01
   6.3534252e+01
   6.3549402e+01
   6.3564553e+01
   6.3579703e+01
   6.3594853e+01
   6.3610004e+01
   6.3625154e+01
   6.3640304e+01
   6.3655455e+01
   6.3670605e+01
   6.3685755e+01
   6.3700906e+01
   6.3716056e+01
   6.3731206e+01
   6.3746357e+01
   6.3761507e+01
   6.3776657e+01
   6.3791808e+01
   6.3792252e+01
   6.3693617e+01
   6.3594978e+01
   6.3496344e+01
   6.3397709e+01
   6.3299070e+01
   6.3200436e+01
   6.3101801e+01
   6.3003162e+01
   6.2904528e+01
   6.2805893e+01
   6.2707254e+01
   6.2608620e+01
   6.2509985e+01
   6.2411346e+01
   6.2312712e+01
   6.2214077e+01
   6.2115438e+01
   6.2016805e+01
   6.1918170e+01
   6.1819531e+01
   6.1720897e+01
   6.1789369e+01
   6.1878427e+01
   6.1967482e+01
   6.2056536e+01
   6.2145594e+01
   6.2234649e+01
   6.2323704e+01
   6.2412762e+01
   6.2501817e+01
   6.2590871e+01
   6.2679929e+01
   6.2768984e+01
   6.2858039e+01
   6.2947097e+01
   6.3036152e+01
   6.3125206e+01
   6.3214264e+01
   6.3303319e+01
   6.3392374e+01
   6.3481432e+01
   6.3570487e+01
   6.3683098e+01
   6.3808296e+01
   6.3933489e+01
   6.4058681e+01
   6.4183879e+01
   6.4309072e+01
   6.4434264e+01
   6.4559462e+01
   6.4684655e+01
   6.4809847e+01
   6.4935044e+01
   6.5060238e+01
   6.5185430e+01
   6.5310627e+01
   6.5435821e+01
   6.5561013e+01
   6.5686210e+01
   6.5811404e+01
   6.5936596e+01
   6.6061793e+01
   6.6186987e+01
   6.6272255e+01
   6.6300775e+01
   6.6329293e+01
   6.6357810e+01
   6.6386329e+01
   6.6414847e+01
   6.6443364e+01
   6.6471883e+01
   6.6500401e+01
   6.6528919e+01
   6.6557438e+01
   6.6585956e+01
   6.6614473e+01
   6.6642992e+01
   6.6671510e+01
   6.6700027e+01
   6.6728546e+01
   6.6757064e+01
   6.6785581e+01
   6.6814100e+01
   6.6842618e+01
   6.6869883e+01
   6.6891229e+01
   6.6912573e+01
   6.6933917e+01
   6.6955262e+01
   6.6976606e+01
   6.6997950e+01
   6.7019295e+01
   6.7040639e+01
   6.7061983e+01
   6.7083328e+01
   6.7104672e+01
   6.7126016e+01
   6.7147361e+01
   6.7168705e+01
   6.7190049e+01
   6.7211394e+01
   6.7232738e+01
   6.7254082e+01
   6.7275427e+01
   6.7296771e+01
   6.7318116e+01
   6.7375532e+01
   6.7435430e+01
   6.7495332e+01
   6.7555230e+01
   6.7615129e+01
   6.7675030e+01
   6.7734929e+01
   6.7794827e+01
   6.7854729e+01
   6.7914627e+01
   6.7974526e+01
   6.8034427e+01
   6.8094326e+01
   6.8154224e+01
   6.8214126e+01
   6.8274025e+01
   6.8333923e+01
   6.8393825e+01
   6.8453723e+01
   6.8513622e+01
   6.8573523e+01
   6.8609961e+01
   6.8636187e+01
   6.8662412e+01
   6.8688638e+01
   6.8714863e+01
   6.8741089e+01
   6.8767314e+01
   6.8793540e+01
   6.8819765e+01
   6.8845991e+01
   6.8872216e+01
   6.8898442e+01
   6.8924667e+01
   6.8950893e+01
   6.8977118e+01
   6.9003344e+01
   6.9029569e+01
   6.9055795e+01
   6.9082021e+01
   6.9108246e+01
   6.9134472e+01
   6.9161923e+01
   6.9190824e+01
   6.9219724e+01
   6.9248625e+01
   6.9277526e+01
   6.9306427e+01
   6.9335327e+01
   6.9364228e+01
   6.9393129e+01
   6.9422030e+01
   6.9450930e+01
   6.9479831e+01
   6.9508732e+01
   6.9537632e+01
   6.9566533e+01
   6.9595434e+01
   6.9624334e+01
   6.9653236e+01
   6.9682136e+01
   6.9711036e+01
   6.9739938e+01
   6.9743955e+01
   6.9659399e+01
   6.9574838e+01
   6.9490281e+01
   6.9405725e+01
   6.9321164e+01
   6.9236607e+01
   6.9152052e+01
   6.9067491e+01
   6.8982934e+01
   6.8898378e+01
   6.8813817e+01
   6.8729260e+01
   6.8644704e+01
   6.8560143e+01
   6.8475588e+01
   6.8391031e+01
   6.8306470e+01
   6.8221914e+01
   6.8137357e+01
   6.8052796e+01
   6.7968240e+01
   6.7979693e+01
   6.7993021e+01
   6.8006350e+01
   6.8019678e+01
   6.8033007e+01
   6.8046335e+01
   6.8059663e+01
   6.8072992e+01
   6.8086320e+01
   6.8099648e+01
   6.8112977e+01
   6.8126305e+01
   6.8139634e+01
   6.8152962e+01
   6.8166290e+01
   6.8179619e+01
   6.8192947e+01
   6.8206275e+01
   6.8219604e+01
   6.8232932e+01
   6.8246261e+01
   6.8181853e+01
   6.8090413e+01
   6.7998973e+01
   6.7907528e+01
   6.7816089e+01
   6.7724648e+01
   6.7633203e+01
   6.7541764e+01
   6.7450323e+01
   6.7358879e+01
   6.7267439e+01
   6.7175998e+01
   6.7084554e+01
   6.6993114e+01
   6.6901674e+01
   6.6810230e+01
   6.6718789e+01
   6.6627349e+01
   6.6535905e+01
   6.6444465e+01
   6.6353024e+01
   6.6319745e+01
   6.6343827e+01
   6.6367909e+01
   6.6391992e+01
   6.6416074e+01
   6.6440156e+01
   6.6464238e+01
   6.6488320e+01
   6.6512403e+01
   6.6536485e+01
   6.6560567e+01
   6.6584649e+01
   6.6608732e+01
   6.6632814e+01
   6.6656896e+01
   6.6680978e+01
   6.6705060e+01
   6.6729143e+01
   6.6753225e+01
   6.6777307e+01
   6.6801389e+01
   6.6782608e+01
   6.6644690e+01
   6.6506772e+01
   6.6368848e+01
   6.6230930e+01
   6.6093012e+01
   6.5955088e+01
   6.5817170e+01
   6.5679252e+01
   6.5541328e+01
   6.5403410e+01
   6.5265492e+01
   6.5127569e+01
   6.4989650e+01
   6.4851732e+01
   6.4713809e+01
   6.4575891e+01
   6.4437973e+01
   6.4300049e+01
   6.4162131e+01
   6.4024213e+01
   6.3889917e+01
   6.3890961e+01
   6.3892005e+01
   6.3893049e+01
   6.3894093e+01
   6.3895136e+01
   6.3896180e+01
   6.3897224e+01
   6.3898268e+01
   6.3899312e+01
   6.3900356e+01
   6.3901399e+01
   6.3902443e+01
   6.3903487e+01
   6.3904531e+01
   6.3905575e+01
   6.3906619e+01
   6.3907663e+01
   6.3908706e+01
   6.3909750e+01
   6.3910794e+01
   6.3911838e+01
   6.3874725e+01
   6.3827297e+01
   6.3779871e+01
   6.3732444e+01
   6.3685016e+01
   6.3637589e+01
   6.3590162e+01
   6.3542734e+01
   6.3495308e+01
   6.3447881e+01
   6.3400453e+01
   6.3353027e+01
   6.3305600e+01
   6.3258171e+01
   6.3210745e+01
   6.3163318e+01
   6.3115890e+01
   6.3068464e+01
   6.3021037e+01
   6.2973609e+01
   6.2926182e+01
   6.2956972e+01
   6.3052088e+01
   6.3147199e+01
   6.3242312e+01
   6.3337429e+01
   6.3432540e+01
   6.3527653e+01
   6.3622770e+01
   6.3717881e+01
   6.3812994e+01
   6.3908111e+01
   6.4003222e+01
   6.4098335e+01
   6.4193452e+01
   6.4288563e+01
   6.4383676e+01
   6.4478792e+01
   6.4573904e+01
   6.4669017e+01
   6.4764133e+01
   6.4859246e+01
   6.4931706e+01
   6.4953709e+01
   6.4975711e+01
   6.4997713e+01
   6.5019715e+01
   6.5041717e+01
   6.5063719e+01
   6.5085722e+01
   6.5107724e+01
   6.5129726e+01
   6.5151728e+01
   6.5173730e+01
   6.5195732e+01
   6.5217734e+01
   6.5239736e+01
   6.5261738e+01
   6.5283740e+01
   6.5305742e+01
   6.5327744e+01
   6.5349746e+01
   6.5371749e+01
   6.5395928e+01
   6.5448629e+01
   6.5501327e+01
   6.5554026e+01
   6.5606728e+01
   6.5659426e+01
   6.5712125e+01
   6.5764827e+01
   6.5817525e+01
   6.5870224e+01
   6.5922926e+01
   6.5975624e+01
   6.6028323e+01
   6.6081024e+01
   6.6133723e+01
   6.6186422e+01
   6.6239123e+01
   6.6291822e+01
   6.6344521e+01
   6.6397221e+01
   6.6449921e+01
   6.6502620e+01
   6.6513724e+01
   6.6516455e+01
   6.6519186e+01
   6.6521918e+01
   6.6524649e+01
   6.6527380e+01
   6.6530112e+01
   6.6532843e+01
   6.6535574e+01
   6.6538305e+01
   6.6541037e+01
   6.6543768e+01
   6.6546499e+01
   6.6549231e+01
   6.6551962e+01
   6.6554693e+01
   6.6557425e+01
   6.6560156e+01
   6.6562887e+01
   6.6565619e+01
   6.6568351e+01
   6.6594223e+01
   6.6635943e+01
   6.6677663e+01
   6.6719382e+01
   6.6761101e+01
   6.6802822e+01
   6.6844540e+01
   6.6886260e+01
   6.6927981e+01
   6.6969699e+01
   6.7011419e+01
   6.7053139e+01
   6.7094858e+01
   6.7136577e+01
   6.7178298e+01
   6.7220017e+01
   6.7261736e+01
   6.7303457e+01
   6.7345175e+01
   6.7386895e+01
   6.7428614e+01
   6.7417340e+01
   6.7309818e+01
   6.7202292e+01
   6.7094771e+01
   6.6987249e+01
   6.6879723e+01
   6.6772202e+01
   6.6664680e+01
   6.6557154e+01
   6.6449633e+01
   6.6342111e+01
   6.6234585e+01
   6.6127064e+01
   6.6019542e+01
   6.5912016e+01
   6.5804495e+01
   6.5696973e+01
   6.5589447e+01
   6.5481926e+01
   6.5374404e+01
   6.5266879e+01
   6.5174434e+01
   6.5196674e+01
   6.5218914e+01
   6.5241153e+01
   6.5263393e+01
   6.5285633e+01
   6.5307873e+01
   6.5330113e+01
   6.5352353e+01
   6.5374592e+01
   6.5396832e+01
   6.5419072e+01
   6.5441312e+01
   6.5463552e+01
   6.5485792e+01
   6.5508031e+01
   6.5530271e+01
   6.5552511e+01
   6.5574751e+01
   6.5596991e+01
   6.5619231e+01
   6.5641470e+01
   6.5633242e+01
   6.5620770e+01
   6.5608297e+01
   6.5595824e+01
   6.5583351e+01
   6.5570878e+01
   6.5558405e+01
   6.5545932e+01
   6.5533459e+01
   6.5520987e+01
   6.5508514e+01
   6.5496041e+01
   6.5483568e+01
   6.5471095e+01
   6.5458622e+01
   6.5446149e+01
   6.5433676e+01
   6.5421204e+01
   6.5408731e+01
   6.5396258e+01
   6.5383785e+01
   6.5432285e+01
   6.5515262e+01
   6.5598237e+01
   6.5681210e+01
   6.5764188e+01
   6.5847162e+01
   6.5930136e+01
   6.6013114e+01
   6.6096088e+01
   6.6179062e+01
   6.6262040e+01
   6.6345014e+01
   6.6427992e+01
   6.6510967e+01
   6.6593940e+01
   6.6676918e+01
   6.6759893e+01
   6.6842866e+01
   6.6925844e+01
   6.7008818e+01
   6.7091792e+01
   6.7124005e+01
   6.7080182e+01
   6.7036358e+01
   6.6992533e+01
   6.6948710e+01
   6.6904886e+01
   6.6861062e+01
   6.6817239e+01
   6.6773415e+01
   6.6729590e+01
   6.6685767e+01
   6.6641943e+01
   6.6598119e+01
   6.6554296e+01
   6.6510472e+01
   6.6466647e+01
   6.6422824e+01
   6.6379000e+01
   6.6335176e+01
   6.6291353e+01
   6.6247529e+01
   6.6225264e+01
   6.6314970e+01
   6.6404676e+01
   6.6494385e+01
   6.6584091e+01
   6.6673797e+01
   6.6763506e+01
   6.6853212e+01
   6.6942918e+01
   6.7032627e+01
   6.7122333e+01
   6.7212040e+01
   6.7301749e+01
   6.7391455e+01
   6.7481161e+01
   6.7570870e+01
   6.7660576e+01
   6.7750282e+01
   6.7839991e+01
   6.7929697e+01
   6.8019403e+01
   6.8109111e+01
   6.8099439e+01
   6.8081422e+01
   6.8063405e+01
   6.8045388e+01
   6.8027371e+01
   6.8009355e+01
   6.7991338e+01
   6.7973321e+01
   6.7955304e+01
   6.7937287e+01
   6.7919270e+01
   6.7901254e+01
   6.7883237e+01
   6.7865220e+01
   6.7847203e+01
   6.7829186e+01
   6.7811169e+01
   6.7793153e+01
   6.7775136e+01
   6.7757119e+01
   6.7739102e+01
   6.7766160e+01
   6.7814034e+01
   6.7861911e+01
   6.7909784e+01
   6.7957658e+01
   6.8005534e+01
   6.8053409e+01
   6.8101283e+01
   6.8149159e+01
   6.8197034e+01
   6.8244908e+01
   6.8292784e+01
   6.8340658e+01
   6.8388532e+01
   6.8436408e+01
   6.8484283e+01
   6.8532157e+01
   6.8580033e+01
   6.8627908e+01
   6.8675782e+01
   6.8723658e+01
   6.8760567e+01
   6.8783810e+01
   6.8807052e+01
   6.8830295e+01
   6.8853538e+01
   6.8876781e+01
   6.8900023e+01
   6.8923266e+01
   6.8946509e+01
   6.8969751e+01
   6.8992994e+01
   6.9016237e+01
   6.9039480e+01
   6.9062722e+01
   6.9085965e+01
   6.9109208e+01
   6.9132451e+01
   6.9155693e+01
   6.9178936e+01
   6.9202179e+01
   6.9225421e+01
   6.9262500e+01
   6.9352683e+01
   6.9442863e+01
   6.9533043e+01
   6.9623227e+01
   6.9713406e+01
   6.9803586e+01
   6.9893771e+01
   6.9983950e+01
   7.0074130e+01
   7.0164314e+01
   7.0254494e+01
   7.0344674e+01
   7.0434858e+01
   7.0525037e+01
   7.0615218e+01
   7.0705402e+01
   7.0795581e+01
   7.0885761e+01
   7.0975945e+01
   7.1066125e+01
   7.1156305e+01
   7.1036101e+01
   7.0908899e+01
   7.0781698e+01
   7.0654490e+01
   7.0527288e+01
   7.0400087e+01
   7.0272879e+01
   7.0145678e+01
   7.0018476e+01
   6.9891268e+01
   6.9764067e+01
   6.9636865e+01
   6.9509658e+01
   6.9382456e+01
   6.9255255e+01
   6.9128047e+01
   6.9000845e+01
   6.8873644e+01
   6.8746436e+01
   6.8619235e+01
   6.8492033e+01
   6.8524462e+01
   6.8616135e+01
   6.8707809e+01
   6.8799486e+01
   6.8891159e+01
   6.8982833e+01
   6.9074510e+01
   6.9166184e+01
   6.9257857e+01
   6.9349534e+01
   6.9441208e+01
   6.9532880e+01
   6.9624558e+01
   6.9716232e+01
   6.9807905e+01
   6.9899582e+01
   6.9991256e+01
   7.0082929e+01
   7.0174606e+01
   7.0266280e+01
   7.0357953e+01
   7.0396525e+01
   7.0379918e+01
   7.0363311e+01
   7.0346704e+01
   7.0330097e+01
   7.0313490e+01
   7.0296883e+01
   7.0280276e+01
   7.0263668e+01
   7.0247061e+01
   7.0230454e+01
   7.0213847e+01
   7.0197240e+01
   7.0180633e+01
   7.0164026e+01
   7.0147419e+01
   7.0130811e+01
   7.0114204e+01
   7.0097597e+01
   7.0080990e+01
   7.0064383e+01
   7.0066575e+01
   7.0124585e+01
   7.0182593e+01
   7.0240603e+01
   7.0298612e+01
   7.0356622e+01
   7.0414630e+01
   7.0472639e+01
   7.0530649e+01
   7.0588658e+01
   7.0646667e+01
   7.0704677e+01
   7.0762685e+01
   7.0820694e+01
   7.0878704e+01
   7.0936712e+01
   7.0994720e+01
   7.1052732e+01
   7.1110740e+01
   7.1168748e+01
   7.1226759e+01
   7.1282355e+01
   7.1155605e+01
   7.1028850e+01
   7.0902099e+01
   7.0775349e+01
   7.0648594e+01
   7.0521845e+01
   7.0395094e+01
   7.0268339e+01
   7.0141589e+01
   7.0014838e+01
   6.9888083e+01
   6.9761333e+01
   6.9634582e+01
   6.9507828e+01
   6.9381078e+01
   6.9254327e+01
   6.9127572e+01
   6.9000822e+01
   6.8874072e+01
   6.8747316e+01
   6.8620567e+01
   6.8665146e+01
   6.8759712e+01
   6.8854276e+01
   6.8948839e+01
   6.9043405e+01
   6.9137968e+01
   6.9232532e+01
   6.9327098e+01
   6.9421661e+01
   6.9516224e+01
   6.9610790e+01
   6.9705354e+01
   6.9799917e+01
   6.9894483e+01
   6.9989046e+01
   7.0083610e+01
   7.0178176e+01
   7.0272739e+01
   7.0367302e+01
   7.0461869e+01
   7.0556432e+01
   7.0577698e+01
   7.0535429e+01
   7.0493161e+01
   7.0450894e+01
   7.0408624e+01
   7.0366357e+01
   7.0324090e+01
   7.0281819e+01
   7.0239552e+01
   7.0197285e+01
   7.0155016e+01
   7.0112748e+01
   7.0070480e+01
   7.0028211e+01
   6.9985943e+01
   6.9943676e+01
   6.9901407e+01
   6.9859138e+01
   6.9816871e+01
   6.9774602e+01
   6.9732334e+01
   6.9727825e+01
   6.9812787e+01
   6.9897748e+01
   6.9982707e+01
   7.0067671e+01
   7.0152632e+01
   7.0237591e+01
   7.0322555e+01
   7.0407516e+01
   7.0492475e+01
   7.0577440e+01
   7.0662400e+01
   7.0747359e+01
   7.0832324e+01
   7.0917283e+01
   7.1002244e+01
   7.1087208e+01
   7.1172167e+01
   7.1257128e+01
   7.1342092e+01
   7.1427051e+01
   7.1504361e+01
   7.1458108e+01
   7.1411853e+01
   7.1365596e+01
   7.1319342e+01
   7.1273087e+01
   7.1226831e+01
   7.1180576e+01
   7.1134321e+01
   7.1088065e+01
   7.1041811e+01
   7.0995556e+01
   7.0949299e+01
   7.0903045e+01
   7.0856790e+01
   7.0810534e+01
   7.0764279e+01
   7.0718024e+01
   7.0671768e+01
   7.0625514e+01
   7.0579259e+01
   7.0533004e+01
   7.0610393e+01
   7.0715033e+01
   7.0819677e+01
   7.0924316e+01
   7.1028955e+01
   7.1133599e+01
   7.1238238e+01
   7.1342878e+01
   7.1447521e+01
   7.1552160e+01
   7.1656800e+01
   7.1761444e+01
   7.1866083e+01
   7.1970722e+01
   7.2075366e+01
   7.2180005e+01
   7.2284645e+01
   7.2389288e+01
   7.2493927e+01
   7.2598567e+01
   7.2703210e+01
   7.2775461e+01
   7.2824349e+01
   7.2873239e+01
   7.2922127e+01
   7.2971014e+01
   7.3019905e+01
   7.3068793e+01
   7.3117680e+01
   7.3166571e+01
   7.3215458e+01
   7.3264346e+01
   7.3313237e+01
   7.3362124e+01
   7.3411012e+01
   7.3459902e+01
   7.3508790e+01
   7.3557678e+01
   7.3606568e+01
   7.3655456e+01
   7.3704343e+01
   7.3753234e+01
   7.3831281e+01
   7.3965422e+01
   7.4099569e+01
   7.4233710e+01
   7.4367851e+01
   7.4501998e+01
   7.4636139e+01
   7.4770280e+01
   7.4904427e+01
   7.5038567e+01
   7.5172708e+01
   7.5306854e+01
   7.5440996e+01
   7.5575137e+01
   7.5709283e+01
   7.5843425e+01
   7.5977566e+01
   7.6111711e+01
   7.6245852e+01
   7.6379994e+01
   7.6514140e+01
   7.6621225e+01
   7.6494109e+01
   7.6366988e+01
   7.6239872e+01
   7.6112755e+01
   7.5985634e+01
   7.5858517e+01
   7.5731401e+01
   7.5604279e+01
   7.5477163e+01
   7.5350047e+01
   7.5222925e+01
   7.5095808e+01
   7.4968692e+01
   7.4841570e+01
   7.4714454e+01
   7.4587338e+01
   7.4460216e+01
   7.4333099e+01
   7.4205977e+01
   7.4078861e+01
   7.3951745e+01
   7.3974690e+01
   7.4021121e+01
   7.4067554e+01
   7.4113988e+01
   7.4160419e+01
   7.4206852e+01
   7.4253286e+01
   7.4299718e+01
   7.4346150e+01
   7.4392584e+01
   7.4439016e+01
   7.4485448e+01
   7.4531882e+01
   7.4578314e+01
   7.4624747e+01
   7.4671180e+01
   7.4717612e+01
   7.4764045e+01
   7.4810478e+01
   7.4856910e+01
   7.4903343e+01
   7.4855983e+01
   7.4752639e+01
   7.4649293e+01
   7.4545943e+01
   7.4442599e+01
   7.4339253e+01
   7.4235903e+01
   7.4132559e+01
   7.4029213e+01
   7.3925863e+01
   7.3822519e+01
   7.3719173e+01
   7.3615823e+01
   7.3512478e+01
   7.3409133e+01
   7.3305783e+01
   7.3202438e+01
   7.3099093e+01
   7.2995743e+01
   7.2892398e+01
   7.2789053e+01
   7.2743831e+01
   7.2790564e+01
   7.2837298e+01
   7.2884034e+01
   7.2930768e+01
   7.2977501e+01
   7.3024238e+01
   7.3070972e+01
   7.3117705e+01
   7.3164442e+01
   7.3211175e+01
   7.3257909e+01
   7.3304645e+01
   7.3351379e+01
   7.3398112e+01
   7.3444849e+01
   7.3491582e+01
   7.3538316e+01
   7.3585052e+01
   7.3631786e+01
   7.3678519e+01
   7.3702860e+01
   7.3598684e+01
   7.3494508e+01
   7.3390328e+01
   7.3286151e+01
   7.3181976e+01
   7.3077795e+01
   7.2973619e+01
   7.2869444e+01
   7.2765263e+01
   7.2661087e+01
   7.2556911e+01
   7.2452731e+01
   7.2348554e+01
   7.2244379e+01
   7.2140198e+01
   7.2036022e+01
   7.1931846e+01
   7.1827666e+01
   7.1723490e+01
   7.1619314e+01
   7.1515135e+01
   7.1547251e+01
   7.1592861e+01
   7.1638472e+01
   7.1684082e+01
   7.1729691e+01
   7.1775302e+01
   7.1820913e+01
   7.1866522e+01
   7.1912133e+01
   7.1957743e+01
   7.2003352e+01
   7.2048963e+01
   7.2094574e+01
   7.2140183e+01
   7.2185794e+01
   7.2231404e+01
   7.2277015e+01
   7.2322625e+01
   7.2368235e+01
   7.2413846e+01
   7.2459455e+01
   7.2431578e+01
   7.2367670e+01
   7.2303764e+01
   7.2239859e+01
   7.2175950e+01
   7.2112044e+01
   7.2048139e+01
   7.1984230e+01
   7.1920324e+01
   7.1856419e+01
   7.1792510e+01
   7.1728604e+01
   7.1664699e+01
   7.1600790e+01
   7.1536884e+01
   7.1472979e+01
   7.1409070e+01
   7.1345164e+01
   7.1281259e+01
   7.1217350e+01
   7.1153444e+01
   7.1177198e+01
   7.1315956e+01
   7.1454710e+01
   7.1593463e+01
   7.1732223e+01
   7.1870977e+01
   7.2009731e+01
   7.2148490e+01
   7.2287244e+01
   7.2425998e+01
   7.2564758e+01
   7.2703512e+01
   7.2842265e+01
   7.2981025e+01
   7.3119779e+01
   7.3258533e+01
   7.3397292e+01
   7.3536046e+01
   7.3674800e+01
   7.3813560e+01
   7.3952314e+01
   7.4063040e+01
   7.4057061e+01
   7.4051080e+01
   7.4045098e+01
   7.4039117e+01
   7.4033136e+01
   7.4027155e+01
   7.4021174e+01
   7.4015193e+01
   7.4009212e+01
   7.4003231e+01
   7.3997249e+01
   7.3991268e+01
   7.3985287e+01
   7.3979306e+01
   7.3973325e+01
   7.3967344e+01
   7.3961363e+01
   7.3955382e+01
   7.3949400e+01
   7.3943419e+01
   7.3937438e+01
   7.4048439e+01
   7.4164928e+01
   7.4281416e+01
   7.4397909e+01
   7.4514398e+01
   7.4630886e+01
   7.4747379e+01
   7.4863868e+01
   7.4980356e+01
   7.5096849e+01
   7.5213338e+01
   7.5329826e+01
   7.5446319e+01
   7.5562807e+01
   7.5679296e+01
   7.5795789e+01
   7.5912277e+01
   7.6028766e+01
   7.6145259e+01
   7.6261747e+01
   7.6378237e+01
   7.6378860e+01
   7.6333584e+01
   7.6288308e+01
   7.6243031e+01
   7.6197755e+01
   7.6152479e+01
   7.6107202e+01
   7.6061926e+01
   7.6016650e+01
   7.5971373e+01
   7.5926097e+01
   7.5880821e+01
   7.5835544e+01
   7.5790268e+01
   7.5744990e+01
   7.5699715e+01
   7.5654439e+01
   7.5609161e+01
   7.5563886e+01
   7.5518610e+01
   7.5473334e+01
   7.5528266e+01
   7.5692717e+01
   7.5857173e+01
   7.6021624e+01
   7.6186074e+01
   7.6350531e+01
   7.6514981e+01
   7.6679431e+01
   7.6843888e+01
   7.7008339e+01
   7.7172788e+01
   7.7337246e+01
   7.7501696e+01
   7.7666146e+01
   7.7830603e+01
   7.7995054e+01
   7.8159503e+01
   7.8323961e+01
   7.8488411e+01
   7.8652861e+01
   7.8817317e+01
   7.8945033e+01
   7.8955720e+01
   7.8966406e+01
   7.8977093e+01
   7.8987779e+01
   7.8998466e+01
   7.9009152e+01
   7.9019839e+01
   7.9030525e+01
   7.9041212e+01
   7.9051898e+01
   7.9062585e+01
   7.9073271e+01
   7.9083958e+01
   7.9094644e+01
   7.9105331e+01
   7.9116017e+01
   7.9126704e+01
   7.9137390e+01
   7.9148077e+01
   7.9158763e+01
   7.9169450e+01