   0.0000000e+00
  -2.4928520e-02
  -4.9857040e-02
  -7.4785559e-02
  -9.9714079e-02
  -1.2464260e-01
  -1.4957112e-01
  -1.7449964e-01
  -1.9942816e-01
  -2.2435668e-01
  -2.4928520e-01
  -2.7421372e-01
  -2.9914224e-01
  -3.2407076e-01
  -3.4899928e-01
  -3.7392780e-01
  -3.9885632e-01
  -4.2378484e-01
  -4.4871336e-01
  -4.7364188e-01
  -4.9857040e-01
  -5.2349892e-01
  -4.9952482e-01
  -4.6024761e-01
  -4.2097041e-01
  -3.8169321e-01
  -3.4241601e-01
  -3.0313880e-01
  -2.6386160e-01
  -2.2458440e-01
  -1.8530720e-01
  -1.4602999e-01
  -1.0675279e-01
  -6.7475589e-02
  -2.8198387e-02
   1.1078815e-02
   5.0356018e-02
   8.9633220e-02
   1.2891042e-01
   1.6818762e-01
   2.0746483e-01
   2.4674203e-01
   2.8601923e-01
   3.7759400e-01
   5.1693445e-01
   6.5627490e-01
   7.9561536e-01
   9.3495581e-01
   1.0742963e+00
   1.2136367e+00
   1.3529772e+00
   1.4923176e+00
   1.6316581e+00
   1.7709985e+00
   1.9103390e+00
   2.0496794e+00
   2.1890199e+00
   2.3283603e+00
   2.4677008e+00
   2.6070413e+00
   2.7463817e+00
   2.8857222e+00
   3.0250626e+00
   3.1644031e+00
   3.2812675e+00
   3.3415504e+00
   3.4018333e+00
   3.4621163e+00
   3.5223992e+00
   3.5826822e+00
   3.6429651e+00
   3.7032480e+00
   3.7635310e+00
   3.8238139e+00
   3.8840969e+00
   3.9443798e+00
   4.0046627e+00
   4.0649457e+00
   4.1252286e+00
   4.1855116e+00
   4.2457945e+00
   4.3060775e+00
   4.3663604e+00
   4.4266433e+00
   4.4869263e+00
   4.5427061e+00
   4.5035596e+00
   4.4644132e+00
   4.4252668e+00
   4.3861204e+00
   4.3469740e+00
   4.3078276e+00
   4.2686812e+00
   4.2295348e+00
   4.1903883e+00
   4.1512419e+00
   4.1120955e+00
   4.0729491e+00
   4.0338027e+00
   3.9946563e+00
   3.9555099e+00
   3.9163635e+00
   3.8772171e+00
   3.8380706e+00
   3.7989242e+00
   3.7597778e+00
   3.7206314e+00
   3.7757675e+00
   3.8534599e+00
   3.9311522e+00
   4.0088446e+00
   4.0865370e+00
   4.1642293e+00
   4.2419217e+00
   4.3196141e+00
   4.3973064e+00
   4.4749988e+00
   4.5526912e+00
   4.6303835e+00
   4.7080759e+00
   4.7857683e+00
   4.8634606e+00
   4.9411530e+00
   5.0188454e+00
   5.0965377e+00
   5.1742301e+00
   5.2519225e+00
   5.3296149e+00
   5.3141072e+00
   5.2276963e+00
   5.1412854e+00
   5.0548745e+00
   4.9684636e+00
   4.8820527e+00
   4.7956418e+00
   4.7092309e+00
   4.6228200e+00
   4.5364091e+00
   4.4499982e+00
   4.3635873e+00
   4.2771764e+00
   4.1907655e+00
   4.1043546e+00
   4.0179437e+00
   3.9315328e+00
   3.8451219e+00
   3.7587110e+00
   3.6723001e+00
   3.5858892e+00
   3.5550470e+00
   3.6375764e+00
   3.7201058e+00
   3.8026352e+00
   3.8851646e+00
   3.9676940e+00
   4.0502234e+00
   4.1327528e+00
   4.2152822e+00
   4.2978116e+00
   4.3803410e+00
   4.4628705e+00
   4.5453999e+00
   4.6279293e+00
   4.7104587e+00
   4.7929881e+00
   4.8755175e+00
   4.9580469e+00
   5.0405763e+00
   5.1231057e+00
   5.2056351e+00
   5.2869827e+00
   5.3564652e+00
   5.4259477e+00
   5.4954302e+00
   5.5649126e+00
   5.6343951e+00
   5.7038776e+00
   5.7733601e+00
   5.8428425e+00
   5.9123250e+00
   5.9818075e+00
   6.0512900e+00
   6.1207724e+00
   6.1902549e+00
   6.2597374e+00
   6.3292199e+00
   6.3987023e+00
   6.4681848e+00
   6.5376673e+00
   6.6071498e+00
   6.6766322e+00
   6.7461147e+00
   6.8280068e+00
   6.9120618e+00
   6.9961168e+00
   7.0801719e+00
   7.1642269e+00
   7.2482820e+00
   7.3323370e+00
   7.4163921e+00
   7.5004471e+00
   7.5845021e+00
   7.6685572e+00
   7.7526122e+00
   7.8366673e+00
   7.9207223e+00
   8.0047774e+00
   8.0888324e+00
   8.1728874e+00
   8.2569425e+00
   8.3409975e+00
   8.4250526e+00
   8.5091076e+00
   8.5783271e+00
   8.6381894e+00
   8.6980517e+00
   8.7579140e+00
   8.8177763e+00
   8.8776386e+00
   8.9375009e+00
   8.9973632e+00
   9.0572255e+00
   9.1170878e+00
   9.1769501e+00
   9.2368124e+00
   9.2966747e+00
   9.3565370e+00
   9.4163993e+00
   9.4762616e+00
   9.5361239e+00
   9.5959862e+00
   9.6558485e+00
   9.7157108e+00
   9.7755731e+00
   9.8000105e+00
   9.7652082e+00
   9.7304060e+00
   9.6956038e+00
   9.6608015e+00
   9.6259993e+00
   9.5911970e+00
   9.5563948e+00
   9.5215925e+00
   9.4867903e+00
   9.4519881e+00
   9.4171858e+00
   9.3823836e+00
   9.3475813e+00
   9.3127791e+00
   9.2779769e+00
   9.2431746e+00
   9.2083724e+00
   9.1735701e+00
   9.1387679e+00
   9.1039657e+00
   9.0973004e+00
   9.2695851e+00
   9.4418699e+00
   9.6141547e+00
   9.7864394e+00
   9.9587242e+00
   1.0131009e+01
   1.0303294e+01
   1.0475579e+01
   1.0647863e+01
   1.0820148e+01
   1.0992433e+01
   1.1164718e+01
   1.1337002e+01
   1.1509287e+01
   1.1681572e+01
   1.1853857e+01
   1.2026141e+01
   1.2198426e+01
   1.2370711e+01
   1.2542996e+01
   1.2715281e+01
   1.2823072e+01
   1.2923447e+01
   1.3023821e+01
   1.3124196e+01
   1.3224570e+01
   1.3324945e+01
   1.3425319e+01
   1.3525694e+01
   1.3626069e+01
   1.3726443e+01
   1.3826818e+01
   1.3927192e+01
   1.4027567e+01
   1.4127942e+01
   1.4228316e+01
   1.4328691e+01
   1.4429065e+01
   1.4529440e+01
   1.4629814e+01
   1.4730189e+01
   1.4830564e+01
   1.4956666e+01
   1.5096109e+01
   1.5235552e+01
   1.5374996e+01
   1.5514439e+01
   1.5653883e+01
   1.5793326e+01
   1.5932769e+01
   1.6072213e+01
   1.6211656e+01
   1.6351100e+01
   1.6490543e+01
   1.6629987e+01
   1.6769430e+01
   1.6908873e+01
   1.7048317e+01
   1.7187760e+01
   1.7327204e+01
   1.7466647e+01
   1.7606090e+01
   1.7745534e+01
   1.7898350e+01
   1.8069672e+01
   1.8240993e+01
   1.8412315e+01
   1.8583636e+01
   1.8754958e+01
   1.8926280e+01
   1.9097601e+01
   1.9268923e+01
   1.9440244e+01
   1.9611566e+01
   1.9782887e+01
   1.9954209e+01
   2.0125530e+01
   2.0296852e+01
   2.0468173e+01
   2.0639495e+01
   2.0810816e+01
   2.0982138e+01
   2.1153460e+01
   2.1324781e+01
   2.1480796e+01
   2.1567315e+01
   2.1653833e+01
   2.1740352e+01
   2.1826870e+01
   2.1913389e+01
   2.1999907e+01
   2.2086426e+01
   2.2172944e+01
   2.2259463e+01
   2.2345981e+01
   2.2432500e+01
   2.2519018e+01
   2.2605537e+01
   2.2692055e+01
   2.2778574e+01
   2.2865092e+01
   2.2951611e+01
   2.3038129e+01
   2.3124648e+01
   2.3211166e+01
   2.3297685e+01
   2.3411326e+01
   2.3526633e+01
   2.3641940e+01
   2.3757246e+01
   2.3872553e+01
   2.3987860e+01
   2.4103166e+01
   2.4218473e+01
   2.4333780e+01
   2.4449086e+01
   2.4564393e+01
   2.4679700e+01
   2.4795007e+01
   2.4910313e+01
   2.5025620e+01
   2.5140927e+01
   2.5256233e+01
   2.5371540e+01
   2.5486847e+01
   2.5602153e+01
   2.5717460e+01
   2.5699461e+01
   2.5625180e+01
   2.5550900e+01
   2.5476620e+01
   2.5402339e+01
   2.5328059e+01
   2.5253779e+01
   2.5179499e+01
   2.5105218e+01
   2.5030938e+01
   2.4956658e+01
   2.4882378e+01
   2.4808097e+01
   2.4733817e+01
   2.4659537e+01
   2.4585257e+01
   2.4510976e+01
   2.4436696e+01
   2.4362416e+01
   2.4288135e+01
   2.4213855e+01
   2.4211967e+01
   2.4293439e+01
   2.4374910e+01
   2.4456381e+01
   2.4537853e+01
   2.4619324e+01
   2.4700795e+01
   2.4782267e+01
   2.4863738e+01
   2.4945209e+01
   2.5026681e+01
   2.5108152e+01
   2.5189623e+01
   2.5271095e+01
   2.5352566e+01
   2.5434037e+01
   2.5515508e+01
   2.5596980e+01
   2.5678451e+01
   2.5759922e+01
   2.5841394e+01
   2.5912644e+01
   2.5948847e+01
   2.5985050e+01
   2.6021253e+01
   2.6057456e+01
   2.6093659e+01
   2.6129862e+01
   2.6166064e+01
   2.6202267e+01
   2.6238470e+01
   2.6274673e+01
   2.6310876e+01
   2.6347079e+01
   2.6383282e+01
   2.6419485e+01
   2.6455688e+01
   2.6491891e+01
   2.6528094e+01
   2.6564297e+01
   2.6600499e+01
   2.6636702e+01
   2.6672905e+01
   2.6730078e+01
   2.6787517e+01
   2.6844956e+01
   2.6902395e+01
   2.6959834e+01
   2.7017273e+01
   2.7074712e+01
   2.7132152e+01
   2.7189591e+01
   2.7247030e+01
   2.7304469e+01
   2.7361908e+01
   2.7419347e+01
   2.7476786e+01
   2.7534225e+01
   2.7591664e+01
   2.7649104e+01
   2.7706543e+01
   2.7763982e+01
   2.7821421e+01
   2.7878860e+01
   2.7878211e+01
   2.7858037e+01
   2.7837862e+01
   2.7817688e+01
   2.7797513e+01
   2.7777339e+01
   2.7757165e+01
   2.7736990e+01
   2.7716816e+01
   2.7696642e+01
   2.7676467e+01
   2.7656293e+01
   2.7636119e+01
   2.7615944e+01
   2.7595770e+01
   2.7575596e+01
   2.7555421e+01
   2.7535247e+01
   2.7515072e+01
   2.7494898e+01
   2.7474724e+01
   2.7513512e+01
   2.7608933e+01
   2.7704353e+01
   2.7799773e+01
   2.7895193e+01
   2.7990613e+01
   2.8086033e+01
   2.8181454e+01
   2.8276874e+01
   2.8372294e+01
   2.8467714e+01
   2.8563134e+01
   2.8658554e+01
   2.8753975e+01
   2.8849395e+01
   2.8944815e+01
   2.9040235e+01
   2.9135655e+01
   2.9231076e+01
   2.9326496e+01
   2.9421916e+01
   2.9512042e+01
   2.9587934e+01
   2.9663826e+01
   2.9739718e+01
   2.9815610e+01
   2.9891502e+01
   2.9967394e+01
   3.0043286e+01
   3.0119178e+01
   3.0195070e+01
   3.0270962e+01
   3.0346854e+01
   3.0422746e+01
   3.0498638e+01
   3.0574530e+01
   3.0650422e+01
   3.0726314e+01
   3.0802206e+01
   3.0878098e+01
   3.0953990e+01
   3.1029882e+01
   3.1106578e+01
   3.1207022e+01
   3.1307466e+01
   3.1407911e+01
   3.1508355e+01
   3.1608800e+01
   3.1709244e+01
   3.1809688e+01
   3.1910133e+01
   3.2010577e+01
   3.2111022e+01
   3.2211466e+01
   3.2311911e+01
   3.2412355e+01
   3.2512799e+01
   3.2613244e+01
   3.2713688e+01
   3.2814133e+01
   3.2914577e+01
   3.3015021e+01
   3.3115466e+01
   3.3215910e+01
   3.3335687e+01
   3.3460488e+01
   3.3585289e+01
   3.3710090e+01
   3.3834891e+01
   3.3959692e+01
   3.4084493e+01
   3.4209294e+01
   3.4334095e+01
   3.4458896e+01
   3.4583697e+01
   3.4708498e+01
   3.4833299e+01
   3.4958100e+01
   3.5082901e+01
   3.5207702e+01
   3.5332503e+01
   3.5457304e+01
   3.5582105e+01
   3.5706906e+01
   3.5831707e+01
   3.5979670e+01
   3.6146226e+01
   3.6312782e+01
   3.6479338e+01
   3.6645893e+01
   3.6812449e+01
   3.6979005e+01
   3.7145561e+01
   3.7312117e+01
   3.7478673e+01
   3.7645228e+01
   3.7811784e+01
   3.7978340e+01
   3.8144896e+01
   3.8311452e+01
   3.8478008e+01
   3.8644563e+01
   3.8811119e+01
   3.8977675e+01
   3.9144231e+01
   3.9310787e+01
   3.9449618e+01
   3.9528539e+01
   3.9607459e+01
   3.9686380e+01
   3.9765301e+01
   3.9844222e+01
   3.9923143e+01
   4.0002064e+01
   4.0080984e+01
   4.0159905e+01
   4.0238826e+01
   4.0317747e+01
   4.0396668e+01
   4.0475588e+01
   4.0554509e+01
   4.0633430e+01
   4.0712351e+01
   4.0791272e+01
   4.0870192e+01
   4.0949113e+01
   4.1028034e+01
   4.1103578e+01
   4.1138844e+01
   4.1174111e+01
   4.1209377e+01
   4.1244644e+01
   4.1279910e+01
   4.1315176e+01
   4.1350443e+01
   4.1385709e+01
   4.1420976e+01
   4.1456242e+01
   4.1491508e+01
   4.1526775e+01
   4.1562041e+01
   4.1597308e+01
   4.1632574e+01
   4.1667840e+01
   4.1703107e+01
   4.1738373e+01
   4.1773640e+01
   4.1808906e+01
   4.1844172e+01
   4.1856837e+01
   4.1865165e+01
   4.1873492e+01
   4.1881820e+01
   4.1890147e+01
   4.1898475e+01
   4.1906803e+01
   4.1915130e+01
   4.1923458e+01
   4.1931785e+01
   4.1940113e+01
   4.1948441e+01
   4.1956768e+01
   4.1965096e+01
   4.1973423e+01
   4.1981751e+01
   4.1990079e+01
   4.1998406e+01
   4.2006734e+01
   4.2015061e+01
   4.2023389e+01
   4.2092852e+01
   4.2203072e+01
   4.2313292e+01
   4.2423512e+01
   4.2533732e+01
   4.2643952e+01
   4.2754172e+01
   4.2864392e+01
   4.2974612e+01
   4.3084832e+01
   4.3195052e+01
   4.3305272e+01
   4.3415492e+01
   4.3525712e+01
   4.3635932e+01
   4.3746152e+01
   4.3856372e+01
   4.3966592e+01
   4.4076812e+01
   4.4187032e+01
   4.4297252e+01
   4.4446358e+01
   4.4664101e+01
   4.4881843e+01
   4.5099586e+01
   4.5317329e+01
   4.5535071e+01
   4.5752814e+01
   4.5970557e+01
   4.6188300e+01
   4.6406042e+01
   4.6623785e+01
   4.6841528e+01
   4.7059271e+01
   4.7277013e+01
   4.7494756e+01
   4.7712499e+01
   4.7930241e+01
   4.8147984e+01
   4.8365727e+01
   4.8583470e+01
   4.8801212e+01
   4.8998333e+01
   4.9047935e+01
   4.9097536e+01
   4.9147137e+01
   4.9196739e+01
   4.9246340e+01
   4.9295941e+01
   4.9345543e+01
   4.9395144e+01
   4.9444745e+01
   4.9494347e+01
   4.9543948e+01
   4.9593549e+01
   4.9643151e+01
   4.9692752e+01
   4.9742353e+01
   4.9791955e+01
   4.9841556e+01
   4.9891157e+01
   4.9940758e+01
   4.9990360e+01
   5.0039961e+01
   5.0178779e+01
   5.0329270e+01
   5.0479761e+01
   5.0630252e+01
   5.0780743e+01
   5.0931234e+01
   5.1081725e+01
   5.1232216e+01
   5.1382707e+01
   5.1533198e+01
   5.1683689e+01
   5.1834180e+01
   5.1984671e+01
   5.2135162e+01
   5.2285653e+01
   5.2436144e+01
   5.2586635e+01
   5.2737126e+01
   5.2887617e+01
   5.3038108e+01
   5.3188599e+01
   5.3352014e+01
   5.3522533e+01
   5.3693052e+01
   5.3863570e+01
   5.4034089e+01
   5.4204608e+01
   5.4375127e+01
   5.4545645e+01
   5.4716164e+01
   5.4886683e+01
   5.5057202e+01
   5.5227721e+01
   5.5398239e+01
   5.5568758e+01
   5.5739277e+01
   5.5909796e+01
   5.6080314e+01
   5.6250833e+01
   5.6421352e+01
   5.6591871e+01
   5.6762390e+01
   5.6949420e+01
   5.7160578e+01
   5.7371737e+01
   5.7582895e+01
   5.7794054e+01
   5.8005213e+01
   5.8216371e+01
   5.8427530e+01
   5.8638689e+01
   5.8849847e+01
   5.9061006e+01
   5.9272165e+01
   5.9483323e+01
   5.9694482e+01
   5.9905640e+01
   6.0116799e+01
   6.0327958e+01
   6.0539116e+01
   6.0750275e+01
   6.0961434e+01
   6.1172592e+01
   6.1372422e+01
   6.1516122e+01
   6.1659822e+01
   6.1803521e+01
   6.1947221e+01
   6.2090921e+01
   6.2234621e+01
   6.2378320e+01
   6.2522020e+01
   6.2665720e+01
   6.2809420e+01
   6.2953119e+01
   6.3096819e+01
   6.3240519e+01
   6.3384218e+01
   6.3527918e+01
   6.3671618e+01
   6.3815318e+01
   6.3959017e+01
   6.4102717e+01
   6.4246417e+01
   6.4390117e+01
   6.4521157e+01
   6.4651230e+01
   6.4781302e+01
   6.4911374e+01
   6.5041447e+01
   6.5171519e+01
   6.5301591e+01
   6.5431663e+01
   6.5561736e+01
   6.5691808e+01
   6.5821880e+01
   6.5951953e+01
   6.6082025e+01
   6.6212097e+01
   6.6342169e+01
   6.6472242e+01
   6.6602314e+01
   6.6732386e+01
   6.6862458e+01
   6.6992531e+01
   6.7122603e+01
   6.7200054e+01
   6.7253927e+01
   6.7307801e+01
   6.7361675e+01
   6.7415548e+01
   6.7469422e+01
   6.7523295e+01
   6.7577169e+01
   6.7631042e+01
   6.7684916e+01
   6.7738789e+01
   6.7792663e+01
   6.7846536e+01
   6.7900410e+01
   6.7954283e+01
   6.8008157e+01
   6.8062030e+01
   6.8115904e+01
   6.8169777e+01
   6.8223651e+01
   6.8277524e+01
   6.8338896e+01
   6.8409375e+01
   6.8479853e+01
   6.8550332e+01
   6.8620811e+01
   6.8691289e+01
   6.8761768e+01
   6.8832247e+01
   6.8902725e+01
   6.8973204e+01
   6.9043683e+01
   6.9114161e+01
   6.9184640e+01
   6.9255119e+01
   6.9325597e+01
   6.9396076e+01
   6.9466555e+01
   6.9537033e+01
   6.9607512e+01
   6.9677991e+01
   6.9748469e+01
   6.9821451e+01
   6.9903672e+01
   6.9985892e+01
   7.0068113e+01
   7.0150333e+01
   7.0232553e+01
   7.0314774e+01
   7.0396994e+01
   7.0479215e+01
   7.0561435e+01
   7.0643656e+01
   7.0725876e+01
   7.0808096e+01
   7.0890317e+01
   7.0972537e+01
   7.1054758e+01
   7.1136978e+01
   7.1219198e+01
   7.1301419e+01
   7.1383639e+01
   7.1465860e+01
   7.1548080e+01
   7.1696236e+01
   7.1846138e+01
   7.1996039e+01
   7.2145941e+01
   7.2295842e+01
   7.2445744e+01
   7.2595645e+01
   7.2745547e+01
   7.2895448e+01
   7.3045350e+01
   7.3195251e+01
   7.3345153e+01
   7.3495054e+01
   7.3644956e+01
   7.3794857e+01
   7.3944759e+01
   7.4094660e+01
   7.4244562e+01
   7.4394464e+01
   7.4544365e+01
   7.4694267e+01
   7.4693114e+01
   7.4637743e+01
   7.4582372e+01
   7.4527000e+01
   7.4471629e+01
   7.4416258e+01
   7.4360887e+01
   7.4305515e+01
   7.4250144e+01
   7.4194773e+01
   7.4139402e+01
   7.4084030e+01
   7.4028659e+01
   7.3973288e+01
   7.3917917e+01
   7.3862546e+01
   7.3807174e+01
   7.3751803e+01
   7.3696432e+01
   7.3641061e+01
   7.3585689e+01
   7.3560968e+01
   7.3567284e+01
   7.3573601e+01
   7.3579917e+01
   7.3586233e+01
   7.3592549e+01
   7.3598866e+01
   7.3605182e+01
   7.3611498e+01
   7.3617814e+01
   7.3624130e+01
   7.3630447e+01
   7.3636763e+01
   7.3643079e+01
   7.3649395e+01
   7.3655711e+01
   7.3662028e+01
   7.3668344e+01
   7.3674660e+01
   7.3680976e+01
   7.3687292e+01
   7.3729005e+01
   7.3872596e+01
   7.4016187e+01
   7.4159779e+01
   7.4303370e+01
   7.4446961e+01
   7.4590552e+01
   7.4734144e+01
   7.4877735e+01
   7.5021326e+01
   7.5164917e+01
   7.5308508e+01
   7.5452100e+01
   7.5595691e+01
   7.5739282e+01
   7.5882873e+01
   7.6026465e+01
   7.6170056e+01
   7.6313647e+01
   7.6457238e+01
   7.6600830e+01
   7.6745261e+01
   7.6931907e+01
   7.7118553e+01
   7.7305199e+01
   7.7491845e+01
   7.7678491e+01
   7.7865138e+01
   7.8051784e+01
   7.8238430e+01
   7.8425076e+01
   7.8611722e+01
   7.8798368e+01
   7.8985015e+01
   7.9171661e+01
   7.9358307e+01
   7.9544953e+01
   7.9731599e+01
   7.9918246e+01
   8.0104892e+01
   8.0291538e+01
   8.0478184e+01
   8.0664830e+01
   8.0734532e+01
   8.0771346e+01
   8.0808159e+01
   8.0844972e+01
   8.0881785e+01
   8.0918598e+01
   8.0955411e+01
   8.0992224e+01
   8.1029038e+01
   8.1065851e+01
   8.1102664e+01
   8.1139477e+01
   8.1176290e+01
   8.1213103e+01
   8.1249916e+01
   8.1286729e+01
   8.1323543e+01
   8.1360356e+01
   8.1397169e+01
   8.1433982e+01
   8.1470795e+01
   8.1541605e+01
   8.1641125e+01
   8.1740645e+01
   8.1840165e+01
   8.1939686e+01
   8.2039206e+01
   8.2138726e+01
   8.2238246e+01
   8.2337766e+01
   8.2437286e+01
   8.2536807e+01
   8.2636327e+01
   8.2735847e+01
   8.2835367e+01
   8.2934887e+01
   8.3034407e+01
   8.3133928e+01
   8.3233448e+01
   8.3332968e+01
   8.3432488e+01
   8.3532008e+01
   8.3597116e+01
   8.3583114e+01
   8.3569112e+01
   8.3555111e+01
   8.3541109e+01
   8.3527108e+01
   8.3513106e+01
   8.3499105e+01
   8.3485103e+01
   8.3471102e+01
   8.3457100e+01
   8.3443098e+01
   8.3429097e+01
   8.3415095e+01
   8.3401094e+01
   8.3387092e+01
   8.3373091e+01
   8.3359089e+01
   8.3345087e+01
   8.3331086e+01
   8.3317084e+01
   8.3308997e+01
   8.3386265e+01
   8.3463533e+01
   8.3540801e+01
   8.3618069e+01
   8.3695338e+01
   8.3772606e+01
   8.3849874e+01
   8.3927142e+01
   8.4004410e+01
   8.4081679e+01
   8.4158947e+01
   8.4236215e+01
   8.4313483e+01
   8.4390751e+01
   8.4468020e+01
   8.4545288e+01
   8.4622556e+01
   8.4699824e+01
   8.4777092e+01
   8.4854361e+01
   8.4931629e+01
   8.5005981e+01
   8.5079718e+01
   8.5153455e+01
   8.5227192e+01
   8.5300928e+01
   8.5374665e+01
   8.5448402e+01
   8.5522139e+01
   8.5595876e+01
   8.5669613e+01
   8.5743350e+01
   8.5817087e+01
   8.5890824e+01
   8.5964561e+01
   8.6038298e+01
   8.6112035e+01
   8.6185771e+01
   8.6259508e+01
   8.6333245e+01
   8.6406982e+01
   8.6480719e+01
   8.6586693e+01
   8.6715308e+01
   8.6843923e+01
   8.6972538e+01
   8.7101152e+01
   8.7229767e+01
   8.7358382e+01
   8.7486997e+01
   8.7615611e+01
   8.7744226e+01
   8.7872841e+01
   8.8001456e+01
   8.8130070e+01
   8.8258685e+01
   8.8387300e+01
   8.8515915e+01
   8.8644529e+01
   8.8773144e+01
   8.8901759e+01
   8.9030374e+01
   8.9158988e+01
   8.9297722e+01
   8.9455377e+01
   8.9613033e+01
   8.9770688e+01
   8.9928344e+01
   9.0085999e+01
   9.0243654e+01
   9.0401310e+01
   9.0558965e+01
   9.0716621e+01
   9.0874276e+01
   9.1031931e+01
   9.1189587e+01
   9.1347242e+01
   9.1504898e+01
   9.1662553e+01
   9.1820208e+01
   9.1977864e+01
   9.2135519e+01
   9.2293175e+01
   9.2450830e+01
   9.2591875e+01
   9.2598643e+01
   9.2605411e+01
   9.2612180e+01
   9.2618948e+01
   9.2625716e+01
   9.2632484e+01
   9.2639253e+01
   9.2646021e+01
   9.2652789e+01
   9.2659557e+01
   9.2666325e+01
   9.2673094e+01
   9.2679862e+01
   9.2686630e+01
   9.2693398e+01
   9.2700166e+01
   9.2706935e+01
   9.2713703e+01
   9.2720471e+01
   9.2727239e+01
   9.2734007e+01
   9.2847692e+01
   9.2977202e+01
   9.3106711e+01
   9.3236220e+01
   9.3365730e+01
   9.3495239e+01
   9.3624748e+01
   9.3754258e+01
   9.3883767e+01
   9.4013276e+01
   9.4142786e+01
   9.4272295e+01
   9.4401804e+01
   9.4531314e+01
   9.4660823e+01
   9.4790332e+01
   9.4919842e+01
   9.5049351e+01
   9.5178860e+01
   9.5308370e+01
   9.5437879e+01
   9.5551936e+01
   9.5656997e+01
   9.5762058e+01
   9.5867120e+01
   9.5972181e+01
   9.6077243e+01
   9.6182304e+01
   9.6287365e+01
   9.6392427e+01
   9.6497488e+01
   9.6602550e+01
   9.6707611e+01
   9.6812672e+01
   9.6917734e+01
   9.7022795e+01
   9.7127856e+01
   9.7232918e+01
   9.7337979e+01
   9.7443041e+01
   9.7548102e+01
   9.7653163e+01
   9.7747315e+01
   9.7824667e+01
   9.7902019e+01
   9.7979371e+01
   9.8056723e+01
   9.8134075e+01
   9.8211427e+01
   9.8288779e+01
   9.8366131e+01
   9.8443483e+01
   9.8520835e+01
   9.8598187e+01
   9.8675539e+01
   9.8752891e+01
   9.8830243e+01
   9.8907595e+01
   9.8984947e+01
   9.9062299e+01
   9.9139651e+01
   9.9217003e+01
   9.9294355e+01
   9.9385723e+01
   9.9553672e+01
   9.9721622e+01
   9.9889571e+01
   1.0005752e+02
   1.0022547e+02
   1.0039342e+02
   1.0056137e+02
   1.0072932e+02
   1.0089726e+02
   1.0106521e+02
   1.0123316e+02
   1.0140111e+02
   1.0156906e+02
   1.0173701e+02
   1.0190496e+02
   1.0207291e+02
   1.0224086e+02
   1.0240881e+02
   1.0257676e+02
   1.0274470e+02
   1.0291265e+02
   1.0297114e+02
   1.0301963e+02
   1.0306812e+02
   1.0311661e+02
   1.0316510e+02
   1.0321359e+02
   1.0326208e+02
   1.0331057e+02
   1.0335906e+02
   1.0340755e+02
   1.0345605e+02
   1.0350454e+02
   1.0355303e+02
   1.0360152e+02
   1.0365001e+02
   1.0369850e+02
   1.0374699e+02
   1.0379548e+02
   1.0384397e+02
   1.0389246e+02
   1.0394095e+02
   1.0395046e+02
   1.0394140e+02
   1.0393235e+02
   1.0392329e+02
   1.0391423e+02
   1.0390517e+02
   1.0389611e+02
   1.0388705e+02
   1.0387799e+02
   1.0386893e+02
   1.0385987e+02
   1.0385081e+02
   1.0384175e+02
   1.0383270e+02
   1.0382364e+02
   1.0381458e+02
   1.0380552e+02
   1.0379646e+02
   1.0378740e+02
   1.0377834e+02
   1.0376928e+02
   1.0377212e+02
   1.0379016e+02
   1.0380821e+02
   1.0382625e+02
   1.0384429e+02
   1.0386233e+02
   1.0388037e+02
   1.0389842e+02
   1.0391646e+02
   1.0393450e+02
   1.0395254e+02
   1.0397059e+02
   1.0398863e+02
   1.0400667e+02
   1.0402471e+02
   1.0404275e+02
   1.0406080e+02
   1.0407884e+02
   1.0409688e+02
   1.0411492e+02
   1.0413297e+02
   1.0415233e+02
   1.0417700e+02
   1.0420167e+02
   1.0422634e+02
   1.0425100e+02
   1.0427567e+02
   1.0430034e+02
   1.0432501e+02
   1.0434967e+02
   1.0437434e+02
   1.0439901e+02
   1.0442368e+02
   1.0444835e+02
   1.0447301e+02
   1.0449768e+02
   1.0452235e+02
   1.0454702e+02
   1.0457168e+02
   1.0459635e+02
   1.0462102e+02
   1.0464569e+02
   1.0467035e+02
   1.0468325e+02
   1.0469568e+02
   1.0470811e+02
   1.0472054e+02
   1.0473297e+02
   1.0474540e+02
   1.0475783e+02
   1.0477026e+02
   1.0478269e+02
   1.0479512e+02
   1.0480755e+02
   1.0481998e+02
   1.0483241e+02
   1.0484484e+02
   1.0485727e+02
   1.0486970e+02
   1.0488213e+02
   1.0489456e+02
   1.0490699e+02
   1.0491942e+02
   1.0493185e+02
   1.0499023e+02
   1.0506623e+02
   1.0514224e+02
   1.0521824e+02
   1.0529425e+02
   1.0537026e+02
   1.0544626e+02
   1.0552227e+02
   1.0559828e+02
   1.0567428e+02
   1.0575029e+02
   1.0582630e+02
   1.0590230e+02
   1.0597831e+02
   1.0605431e+02
   1.0613032e+02
   1.0620633e+02
   1.0628233e+02
   1.0635834e+02
   1.0643435e+02
   1.0651035e+02
   1.0662355e+02
   1.0677644e+02
   1.0692934e+02
   1.0708224e+02
   1.0723514e+02
   1.0738804e+02
   1.0754093e+02
   1.0769383e+02
   1.0784673e+02
   1.0799963e+02
   1.0815253e+02
   1.0830542e+02
   1.0845832e+02
   1.0861122e+02
   1.0876412e+02
   1.0891702e+02
   1.0906991e+02
   1.0922281e+02
   1.0937571e+02
   1.0952861e+02
   1.0968151e+02
   1.0980937e+02
   1.0986021e+02
   1.0991105e+02
   1.0996189e+02
   1.1001273e+02
   1.1006357e+02
   1.1011441e+02
   1.1016525e+02
   1.1021609e+02
   1.1026693e+02
   1.1031777e+02
   1.1036862e+02
   1.1041946e+02
   1.1047030e+02
   1.1052114e+02
   1.1057198e+02
   1.1062282e+02
   1.1067366e+02
   1.1072450e+02
   1.1077534e+02
   1.1082618e+02
   1.1087705e+02
   1.1093330e+02
   1.1098954e+02
   1.1104578e+02
   1.1110202e+02
   1.1115827e+02
   1.1121451e+02
   1.1127075e+02
   1.1132699e+02
   1.1138324e+02
   1.1143948e+02
   1.1149572e+02
   1.1155196e+02
   1.1160821e+02
   1.1166445e+02
   1.1172069e+02
   1.1177694e+02
   1.1183318e+02
   1.1188942e+02
   1.1194566e+02
   1.1200191e+02
   1.1205815e+02
   1.1210944e+02
   1.1215923e+02
   1.1220903e+02
   1.1225882e+02
   1.1230862e+02
   1.1235842e+02
   1.1240821e+02
   1.1245801e+02
   1.1250780e+02
   1.1255760e+02
   1.1260739e+02
   1.1265719e+02
   1.1270698e+02
   1.1275678e+02
   1.1280657e+02
   1.1285637e+02
   1.1290616e+02
   1.1295596e+02
   1.1300575e+02
   1.1305555e+02
   1.1310534e+02
   1.1314042e+02
   1.1316240e+02
   1.1318437e+02
   1.1320635e+02
   1.1322832e+02
   1.1325029e+02
   1.1327227e+02
   1.1329424e+02
   1.1331622e+02
   1.1333819e+02
   1.1336017e+02
   1.1338214e+02
   1.1340412e+02
   1.1342609e+02
   1.1344806e+02
   1.1347004e+02
   1.1349201e+02
   1.1351399e+02
   1.1353596e+02
   1.1355794e+02
   1.1357991e+02
   1.1358062e+02
   1.1352942e+02
   1.1347823e+02
   1.1342703e+02
   1.1337583e+02
   1.1332463e+02
   1.1327343e+02
   1.1322224e+02
   1.1317104e+02
   1.1311984e+02
   1.1306864e+02
   1.1301744e+02
   1.1296624e+02
   1.1291505e+02
   1.1286385e+02
   1.1281265e+02
   1.1276145e+02
   1.1271025e+02
   1.1265905e+02
   1.1260786e+02
   1.1255666e+02
   1.1250794e+02
   1.1250487e+02
   1.1250179e+02
   1.1249872e+02
   1.1249564e+02
   1.1249257e+02
   1.1248949e+02
   1.1248642e+02
   1.1248334e+02
   1.1248027e+02
   1.1247720e+02
   1.1247412e+02
   1.1247105e+02
   1.1246797e+02
   1.1246490e+02
   1.1246182e+02
   1.1245875e+02
   1.1245567e+02
   1.1245260e+02
   1.1244952e+02
   1.1244645e+02
   1.1244337e+02
   1.1248353e+02
   1.1253362e+02
   1.1258371e+02
   1.1263379e+02
   1.1268388e+02
   1.1273397e+02
   1.1278405e+02
   1.1283414e+02
   1.1288423e+02
   1.1293432e+02
   1.1298440e+02
   1.1303449e+02
   1.1308458e+02
   1.1313466e+02
   1.1318475e+02
   1.1323484e+02
   1.1328493e+02
   1.1333501e+02
   1.1338510e+02
   1.1343519e+02
   1.1348527e+02
   1.1353472e+02
   1.1358370e+02
   1.1363267e+02
   1.1368165e+02
   1.1373063e+02
   1.1377960e+02
   1.1382858e+02
   1.1387755e+02
   1.1392653e+02
   1.1397551e+02
   1.1402448e+02
   1.1407346e+02
   1.1412243e+02
   1.1417141e+02
   1.1422039e+02
   1.1426936e+02
   1.1431834e+02
   1.1436731e+02
   1.1441629e+02
   1.1446527e+02
   1.1451424e+02
   1.1459785e+02
   1.1475015e+02
   1.1490245e+02
   1.1505475e+02
   1.1520705e+02
   1.1535935e+02
   1.1551165e+02
   1.1566395e+02
   1.1581625e+02
   1.1596855e+02
   1.1612085e+02
   1.1627315e+02
   1.1642545e+02
   1.1657775e+02
   1.1673005e+02
   1.1688235e+02
   1.1703465e+02
   1.1718695e+02
   1.1733925e+02
   1.1749155e+02
   1.1764385e+02
   1.1778325e+02
   1.1780238e+02
   1.1782150e+02
   1.1784063e+02
   1.1785975e+02
   1.1787888e+02
   1.1789800e+02
   1.1791713e+02
   1.1793625e+02
   1.1795538e+02
   1.1797450e+02
   1.1799363e+02
   1.1801275e+02
   1.1803188e+02
   1.1805101e+02
   1.1807013e+02
   1.1808926e+02
   1.1810838e+02
   1.1812751e+02
   1.1814663e+02
   1.1816576e+02
   1.1818488e+02
   1.1824560e+02
   1.1831322e+02
   1.1838083e+02
   1.1844844e+02
   1.1851606e+02
   1.1858367e+02
   1.1865128e+02
   1.1871890e+02
   1.1878651e+02
   1.1885412e+02
   1.1892174e+02
   1.1898935e+02
   1.1905696e+02
   1.1912458e+02
   1.1919219e+02
   1.1925981e+02
   1.1932742e+02
   1.1939503e+02
   1.1946265e+02
   1.1953026e+02
   1.1959787e+02
   1.1965779e+02
   1.1971298e+02
   1.1976817e+02
   1.1982336e+02
   1.1987855e+02
   1.1993375e+02
   1.1998894e+02
   1.2004413e+02
   1.2009932e+02
   1.2015451e+02
   1.2020970e+02
   1.2026489e+02
   1.2032008e+02
   1.2037527e+02
   1.2043046e+02
   1.2048565e+02
   1.2054085e+02
   1.2059604e+02
   1.2065123e+02
   1.2070642e+02
   1.2076161e+02
   1.2080359e+02
   1.2082406e+02
   1.2084452e+02
   1.2086499e+02
   1.2088546e+02
   1.2090593e+02
   1.2092639e+02
   1.2094686e+02
   1.2096733e+02
   1.2098780e+02
   1.2100826e+02
   1.2102873e+02
   1.2104920e+02
   1.2106967e+02
   1.2109014e+02
   1.2111060e+02
   1.2113107e+02
   1.2115154e+02
   1.2117201e+02
   1.2119247e+02
   1.2121294e+02
   1.2123600e+02
   1.2127466e+02
   1.2131332e+02
   1.2135198e+02
   1.2139064e+02
   1.2142930e+02
   1.2146796e+02
   1.2150662e+02
   1.2154528e+02
   1.2158394e+02
   1.2162260e+02
   1.2166126e+02
   1.2169992e+02
   1.2173858e+02
   1.2177724e+02
   1.2181590e+02
   1.2185456e+02
   1.2189322e+02
   1.2193188e+02
   1.2197054e+02
   1.2200920e+02
   1.2204786e+02
   1.2199679e+02
   1.2193610e+02
   1.2187542e+02
   1.2181473e+02
   1.2175404e+02
   1.2169335e+02
   1.2163267e+02
   1.2157198e+02
   1.2151129e+02
   1.2145060e+02
   1.2138992e+02
   1.2132923e+02
   1.2126854e+02
   1.2120785e+02
   1.2114717e+02
   1.2108648e+02
   1.2102579e+02
   1.2096510e+02
   1.2090442e+02
   1.2084373e+02
   1.2078304e+02
   1.2078391e+02
   1.2081581e+02
   1.2084770e+02
   1.2087960e+02
   1.2091150e+02
   1.2094340e+02
   1.2097530e+02
   1.2100720e+02
   1.2103910e+02
   1.2107100e+02
   1.2110289e+02
   1.2113479e+02
   1.2116669e+02
   1.2119859e+02
   1.2123049e+02
   1.2126239e+02
   1.2129429e+02
   1.2132619e+02
   1.2135809e+02
   1.2138998e+02
   1.2142188e+02
   1.2147530e+02
   1.2155773e+02
   1.2164016e+02
   1.2172259e+02
   1.2180502e+02
   1.2188745e+02
   1.2196988e+02
   1.2205232e+02
   1.2213475e+02
   1.2221718e+02
   1.2229961e+02
   1.2238204e+02
   1.2246447e+02
   1.2254690e+02
   1.2262933e+02
   1.2271176e+02
   1.2279420e+02
   1.2287663e+02
   1.2295906e+02
   1.2304149e+02
   1.2312392e+02
   1.2319349e+02
   1.2320731e+02
   1.2322114e+02
   1.2323496e+02
   1.2324879e+02
   1.2326261e+02
   1.2327643e+02
   1.2329026e+02
   1.2330408e+02
   1.2331790e+02
   1.2333173e+02
   1.2334555e+02
   1.2335937e+02
   1.2337320e+02
   1.2338702e+02
   1.2340085e+02
   1.2341467e+02
   1.2342849e+02
   1.2344232e+02
   1.2345614e+02
   1.2346996e+02
   1.2348379e+02
   1.2345636e+02
   1.2342669e+02
   1.2339701e+02
   1.2336734e+02
   1.2333767e+02
   1.2330800e+02
   1.2327833e+02
   1.2324866e+02
   1.2321898e+02
   1.2318931e+02
   1.2315964e+02
   1.2312997e+02
   1.2310030e+02
   1.2307062e+02
   1.2304095e+02
   1.2301128e+02
   1.2298161e+02
   1.2295194e+02
   1.2292227e+02
   1.2289259e+02
   1.2286292e+02
   1.2284626e+02
   1.2283493e+02
   1.2282361e+02
   1.2281228e+02
   1.2280095e+02
   1.2278962e+02
   1.2277829e+02
   1.2276696e+02
   1.2275563e+02
   1.2274431e+02
   1.2273298e+02
   1.2272165e+02
   1.2271032e+02
   1.2269899e+02
   1.2268766e+02
   1.2267633e+02
   1.2266501e+02
   1.2265368e+02
   1.2264235e+02
   1.2263102e+02
   1.2261969e+02
   1.2261812e+02
   1.2262750e+02
   1.2263688e+02
   1.2264626e+02
   1.2265563e+02
   1.2266501e+02
   1.2267439e+02
   1.2268377e+02
   1.2269315e+02
   1.2270253e+02
   1.2271191e+02
   1.2272129e+02
   1.2273067e+02
   1.2274004e+02
   1.2274942e+02
   1.2275880e+02
   1.2276818e+02
   1.2277756e+02
   1.2278694e+02
   1.2279632e+02
   1.2280570e+02
   1.2283442e+02
   1.2292716e+02
   1.2301991e+02
   1.2311265e+02
   1.2320539e+02
   1.2329814e+02
   1.2339088e+02
   1.2348362e+02
   1.2357636e+02
   1.2366911e+02
   1.2376185e+02
   1.2385459e+02
   1.2394733e+02
   1.2404008e+02
   1.2413282e+02
   1.2422556e+02
   1.2431830e+02
   1.2441105e+02
   1.2450379e+02
   1.2459653e+02
   1.2468927e+02
   1.2478202e+02
   1.2486598e+02
   1.2494989e+02
   1.2503379e+02
   1.2511770e+02
   1.2520161e+02
   1.2528551e+02
   1.2536942e+02
   1.2545333e+02
   1.2553724e+02
   1.2562114e+02
   1.2570505e+02
   1.2578896e+02
   1.2587286e+02
   1.2595677e+02
   1.2604068e+02
   1.2612458e+02
   1.2620849e+02
   1.2629240e+02
   1.2637630e+02
   1.2646021e+02
   1.2654412e+02
   1.2661585e+02
   1.2668362e+02
   1.2675140e+02
   1.2681917e+02
   1.2688694e+02
   1.2695472e+02
   1.2702249e+02
   1.2709026e+02
   1.2715804e+02
   1.2722581e+02
   1.2729359e+02
   1.2736136e+02
   1.2742913e+02
   1.2749691e+02
   1.2756468e+02
   1.2763245e+02
   1.2770023e+02
   1.2776800e+02
   1.2783578e+02
   1.2790355e+02
   1.2797132e+02
   1.2804101e+02
   1.2811250e+02
   1.2818399e+02
   1.2825547e+02
   1.2832696e+02
   1.2839844e+02
   1.2846993e+02
   1.2854142e+02
   1.2861290e+02
   1.2868439e+02
   1.2875588e+02
   1.2882736e+02
   1.2889885e+02
   1.2897034e+02
   1.2904182e+02
   1.2911331e+02
   1.2918480e+02
   1.2925628e+02
   1.2932777e+02
   1.2939925e+02
   1.2947074e+02
   1.2953989e+02
   1.2960296e+02
   1.2966603e+02
   1.2972910e+02
   1.2979217e+02
   1.2985524e+02
   1.2991831e+02
   1.2998138e+02
   1.3004445e+02
   1.3010752e+02
   1.3017059e+02
   1.3023366e+02
   1.3029673e+02
   1.3035980e+02
   1.3042287e+02
   1.3048594e+02
   1.3054901e+02
   1.3061208e+02
   1.3067515e+02
   1.3073822e+02
   1.3080129e+02
   1.3086392e+02
   1.3091580e+02
   1.3096769e+02
   1.3101957e+02
   1.3107145e+02
   1.3112333e+02
   1.3117521e+02
   1.3122709e+02
   1.3127897e+02
   1.3133085e+02
   1.3138273e+02
   1.3143461e+02
   1.3148650e+02
   1.3153838e+02
   1.3159026e+02
   1.3164214e+02
   1.3169402e+02
   1.3174590e+02
   1.3179778e+02
   1.3184966e+02
   1.3190154e+02
   1.3195342e+02
   1.3197085e+02
   1.3197967e+02
   1.3198849e+02
   1.3199731e+02
   1.3200613e+02
   1.3201495e+02
   1.3202377e+02
   1.3203259e+02
   1.3204140e+02
   1.3205022e+02
   1.3205904e+02
   1.3206786e+02
   1.3207668e+02
   1.3208550e+02
   1.3209432e+02
   1.3210314e+02
   1.3211195e+02
   1.3212077e+02
   1.3212959e+02
   1.3213841e+02
   1.3214723e+02
   1.3218593e+02
   1.3224802e+02
   1.3231010e+02
   1.3237219e+02
   1.3243427e+02
   1.3249636e+02
   1.3255844e+02
   1.3262053e+02
   1.3268262e+02
   1.3274470e+02
   1.3280679e+02
   1.3286887e+02
   1.3293096e+02
   1.3299305e+02
   1.3305513e+02
   1.3311722e+02
   1.3317930e+02
   1.3324139e+02
   1.3330347e+02
   1.3336556e+02
   1.3342765e+02
   1.3347723e+02
   1.3350057e+02
   1.3352391e+02
   1.3354725e+02
   1.3357059e+02
   1.3359393e+02
   1.3361727e+02
   1.3364060e+02
   1.3366394e+02
   1.3368728e+02
   1.3371062e+02
   1.3373396e+02
   1.3375730e+02
   1.3378064e+02
   1.3380398e+02
   1.3382732e+02
   1.3385066e+02
   1.3387400e+02
   1.3389733e+02
   1.3392067e+02
   1.3394401e+02
   1.3396796e+02
   1.3399862e+02
   1.3402927e+02
   1.3405992e+02
   1.3409057e+02
   1.3412122e+02
   1.3415188e+02
   1.3418253e+02
   1.3421318e+02
   1.3424383e+02
   1.3427448e+02
   1.3430514e+02
   1.3433579e+02
   1.3436644e+02
   1.3439709e+02
   1.3442775e+02
   1.3445840e+02
   1.3448905e+02
   1.3451970e+02
   1.3455035e+02
   1.3458101e+02
   1.3461166e+02
   1.3458580e+02
   1.3454961e+02
   1.3451341e+02
   1.3447721e+02
   1.3444101e+02
   1.3440481e+02
   1.3436862e+02
   1.3433242e+02
   1.3429622e+02
   1.3426002e+02
   1.3422383e+02
   1.3418763e+02
   1.3415143e+02
   1.3411523e+02
   1.3407904e+02
   1.3404284e+02
   1.3400664e+02
   1.3397044e+02
   1.3393425e+02
   1.3389805e+02
   1.3386185e+02
   1.3383133e+02
   1.3380449e+02
   1.3377765e+02
   1.3375081e+02
   1.3372398e+02
   1.3369714e+02
   1.3367030e+02
   1.3364346e+02
   1.3361662e+02
   1.3358978e+02
   1.3356295e+02
   1.3353611e+02
   1.3350927e+02
   1.3348243e+02
   1.3345559e+02
   1.3342875e+02
   1.3340192e+02
   1.3337508e+02
   1.3334824e+02
   1.3332140e+02
   1.3329456e+02
   1.3329990e+02
   1.3336050e+02
   1.3342111e+02
   1.3348172e+02
   1.3354232e+02
   1.3360293e+02
   1.3366353e+02
   1.3372414e+02
   1.3378474e+02
   1.3384535e+02
   1.3390595e+02
   1.3396656e+02
   1.3402716e+02
   1.3408777e+02
   1.3414838e+02
   1.3420898e+02
   1.3426959e+02
   1.3433019e+02
   1.3439080e+02
   1.3445140e+02
   1.3451201e+02
   1.3456670e+02
   1.3458146e+02
   1.3459623e+02
   1.3461099e+02
   1.3462575e+02
   1.3464051e+02
   1.3465527e+02
   1.3467003e+02
   1.3468479e+02
   1.3469955e+02
   1.3471431e+02
   1.3472907e+02
   1.3474384e+02
   1.3475860e+02
   1.3477336e+02
   1.3478812e+02
   1.3480288e+02
   1.3481764e+02
   1.3483240e+02
   1.3484716e+02
   1.3486192e+02
   1.3487668e+02
   1.3491883e+02
   1.3496434e+02
   1.3500985e+02
   1.3505536e+02
   1.3510087e+02
   1.3514638e+02
   1.3519189e+02
   1.3523741e+02
   1.3528292e+02
   1.3532843e+02
   1.3537394e+02
   1.3541945e+02
   1.3546496e+02
   1.3551047e+02
   1.3555598e+02
   1.3560149e+02
   1.3564700e+02
   1.3569251e+02
   1.3573802e+02
   1.3578353e+02
   1.3582904e+02
   1.3591856e+02
   1.3603160e+02
   1.3614465e+02
   1.3625770e+02
   1.3637074e+02
   1.3648379e+02
   1.3659684e+02
   1.3670988e+02
   1.3682293e+02
   1.3693598e+02
   1.3704902e+02
   1.3716207e+02
   1.3727512e+02
   1.3738816e+02
   1.3750121e+02
   1.3761426e+02
   1.3772731e+02
   1.3784035e+02
   1.3795340e+02
   1.3806645e+02
   1.3817949e+02
   1.3830755e+02
   1.3845700e+02
   1.3860644e+02
   1.3875588e+02
   1.3890532e+02
   1.3905476e+02
   1.3920421e+02
   1.3935365e+02
   1.3950309e+02
   1.3965253e+02
   1.3980197e+02
   1.3995142e+02
   1.4010086e+02
   1.4025030e+02
   1.4039974e+02
   1.4054918e+02
   1.4069863e+02
   1.4084807e+02
   1.4099751e+02
   1.4114695e+02
   1.4129639e+02
   1.4143911e+02
   1.4154994e+02
   1.4166078e+02
   1.4177161e+02
   1.4188244e+02
   1.4199328e+02
   1.4210411e+02
   1.4221495e+02
   1.4232578e+02
   1.4243661e+02
   1.4254745e+02
   1.4265828e+02
   1.4276911e+02
   1.4287995e+02
   1.4299078e+02
   1.4310162e+02
   1.4321245e+02
   1.4332328e+02
   1.4343412e+02
   1.4354495e+02
   1.4365578e+02
   1.4376662e+02
   1.4380483e+02
   1.4383800e+02
   1.4387118e+02
   1.4390435e+02
   1.4393753e+02
   1.4397071e+02
   1.4400388e+02
   1.4403706e+02
   1.4407023e+02
   1.4410341e+02
   1.4413658e+02
   1.4416976e+02
   1.4420294e+02
   1.4423611e+02
   1.4426929e+02
   1.4430246e+02
   1.4433564e+02
   1.4436882e+02
   1.4440199e+02
   1.4443517e+02
   1.4446834e+02
   1.4455258e+02
   1.4465902e+02
   1.4476547e+02
   1.4487191e+02
   1.4497836e+02
   1.4508481e+02
   1.4519125e+02
   1.4529770e+02
   1.4540414e+02
   1.4551059e+02
   1.4561703e+02
   1.4572348e+02
   1.4582993e+02
   1.4593637e+02
   1.4604282e+02
   1.4614926e+02
   1.4625571e+02
   1.4636215e+02
   1.4646860e+02
   1.4657504e+02
   1.4668149e+02
   1.4676848e+02
   1.4683243e+02
   1.4689638e+02
   1.4696033e+02
   1.4702428e+02
   1.4708823e+02
   1.4715218e+02
   1.4721613e+02
   1.4728008e+02
   1.4734403e+02
   1.4740798e+02
   1.4747193e+02
   1.4753588e+02
   1.4759983e+02
   1.4766378e+02
   1.4772774e+02
   1.4779169e+02
   1.4785564e+02
   1.4791959e+02
   1.4798354e+02
   1.4804749e+02
   1.4810930e+02
   1.4816349e+02
   1.4821768e+02
   1.4827187e+02
   1.4832607e+02
   1.4838026e+02
   1.4843445e+02
   1.4848864e+02
   1.4854284e+02
   1.4859703e+02
   1.4865122e+02
   1.4870542e+02
   1.4875961e+02
   1.4881380e+02
   1.4886799e+02
   1.4892219e+02
   1.4897638e+02
   1.4903057e+02
   1.4908476e+02
   1.4913896e+02
   1.4919315e+02
   1.4924734e+02
   1.4939613e+02
   1.4954679e+02
   1.4969746e+02
   1.4984813e+02
   1.4999879e+02
   1.5014946e+02
   1.5030012e+02
   1.5045079e+02
   1.5060146e+02
   1.5075212e+02
   1.5090279e+02
   1.5105346e+02
   1.5120412e+02
   1.5135479e+02
   1.5150545e+02
   1.5165612e+02
   1.5180679e+02
   1.5195745e+02
   1.5210812e+02
   1.5225878e+02
   1.5240945e+02
   1.5249050e+02
   1.5254735e+02
   1.5260421e+02
   1.5266107e+02
   1.5271793e+02
   1.5277479e+02
   1.5283164e+02
   1.5288850e+02
   1.5294536e+02
   1.5300222e+02
   1.5305907e+02
   1.5311593e+02
   1.5317279e+02
   1.5322965e+02
   1.5328650e+02
   1.5334336e+02
   1.5340022e+02
   1.5345708e+02
   1.5351393e+02
   1.5357079e+02
   1.5362765e+02
   1.5364306e+02
   1.5361755e+02
   1.5359204e+02
   1.5356653e+02
   1.5354102e+02
   1.5351551e+02
   1.5349000e+02
   1.5346449e+02
   1.5343898e+02
   1.5341347e+02
   1.5338796e+02
   1.5336245e+02
   1.5333694e+02
   1.5331143e+02
   1.5328592e+02
   1.5326041e+02
   1.5323490e+02
   1.5320939e+02
   1.5318388e+02
   1.5315837e+02
   1.5313286e+02
   1.5308188e+02
   1.5296018e+02
   1.5283848e+02
   1.5271679e+02
   1.5259509e+02
   1.5247340e+02
   1.5235170e+02
   1.5223000e+02
   1.5210831e+02
   1.5198661e+02
   1.5186492e+02
   1.5174322e+02
   1.5162152e+02
   1.5149983e+02
   1.5137813e+02
   1.5125644e+02
   1.5113474e+02
   1.5101305e+02
   1.5089135e+02
   1.5076965e+02
   1.5064796e+02
   1.5053014e+02
   1.5055902e+02
   1.5058789e+02
   1.5061676e+02
   1.5064563e+02
   1.5067450e+02
   1.5070337e+02
   1.5073224e+02
   1.5076112e+02
   1.5078999e+02
   1.5081886e+02
   1.5084773e+02
   1.5087660e+02
   1.5090547e+02
   1.5093434e+02
   1.5096322e+02
   1.5099209e+02
   1.5102096e+02
   1.5104983e+02
   1.5107870e+02
   1.5110757e+02
   1.5113644e+02
   1.5118039e+02
   1.5122843e+02
   1.5127646e+02
   1.5132450e+02
   1.5137254e+02
   1.5142057e+02
   1.5146861e+02
   1.5151664e+02
   1.5156468e+02
   1.5161272e+02
   1.5166075e+02
   1.5170879e+02
   1.5175682e+02
   1.5180486e+02
   1.5185289e+02
   1.5190093e+02
   1.5194897e+02
   1.5199700e+02
   1.5204504e+02
   1.5209307e+02
   1.5214111e+02
   1.5221583e+02
   1.5231252e+02
   1.5240921e+02
   1.5250590e+02
   1.5260259e+02
   1.5269928e+02
   1.5279597e+02
   1.5289266e+02
   1.5298935e+02
   1.5308604e+02
   1.5318273e+02
   1.5327942e+02
   1.5337611e+02
   1.5347280e+02
   1.5356949e+02
   1.5366618e+02
   1.5376287e+02
   1.5385956e+02
   1.5395625e+02
   1.5405294e+02
   1.5414963e+02
   1.5423430e+02
   1.5429214e+02
   1.5434997e+02
   1.5440781e+02
   1.5446565e+02
   1.5452349e+02
   1.5458133e+02
   1.5463917e+02
   1.5469701e+02
   1.5475485e+02
   1.5481268e+02
   1.5487052e+02
   1.5492836e+02
   1.5498620e+02
   1.5504404e+02
   1.5510188e+02
   1.5515972e+02
   1.5521756e+02
   1.5527539e+02
   1.5533323e+02
   1.5539107e+02
   1.5545170e+02
   1.5554884e+02
   1.5564598e+02
   1.5574312e+02
   1.5584025e+02
   1.5593739e+02
   1.5603453e+02
   1.5613167e+02
   1.5622880e+02
   1.5632594e+02
   1.5642308e+02
   1.5652021e+02
   1.5661735e+02
   1.5671449e+02
   1.5681163e+02
   1.5690876e+02
   1.5700590e+02
   1.5710304e+02
   1.5720018e+02
   1.5729731e+02
   1.5739445e+02
   1.5749159e+02
   1.5755022e+02
   1.5760108e+02
   1.5765194e+02
   1.5770280e+02
   1.5775366e+02
   1.5780452e+02
   1.5785538e+02
   1.5790625e+02
   1.5795711e+02
   1.5800797e+02
   1.5805883e+02
   1.5810969e+02
   1.5816055e+02
   1.5821141e+02
   1.5826227e+02
   1.5831313e+02
   1.5836399e+02
   1.5841485e+02
   1.5846571e+02
   1.5851658e+02
   1.5856744e+02
   1.5863139e+02
   1.5870431e+02
   1.5877723e+02
   1.5885015e+02
   1.5892306e+02
   1.5899598e+02
   1.5906890e+02
   1.5914182e+02
   1.5921473e+02
   1.5928765e+02
   1.5936057e+02
   1.5943349e+02
   1.5950641e+02
   1.5957932e+02
   1.5965224e+02
   1.5972516e+02
   1.5979808e+02
   1.5987099e+02
   1.5994391e+02
   1.6001683e+02
   1.6008975e+02
   1.6015483e+02
   1.6020564e+02
   1.6025646e+02
   1.6030728e+02
   1.6035810e+02
   1.6040892e+02
   1.6045974e+02
   1.6051056e+02
   1.6056137e+02
   1.6061219e+02
   1.6066301e+02
   1.6071383e+02
   1.6076465e+02
   1.6081547e+02
   1.6086628e+02
   1.6091710e+02
   1.6096792e+02
   1.6101874e+02
   1.6106956e+02
   1.6112038e+02
   1.6117120e+02
   1.6120795e+02
   1.6113792e+02
   1.6106789e+02
   1.6099786e+02
   1.6092782e+02
   1.6085779e+02
   1.6078776e+02
   1.6071773e+02
   1.6064770e+02
   1.6057767e+02
   1.6050764e+02
   1.6043760e+02
   1.6036757e+02
   1.6029754e+02
   1.6022751e+02
   1.6015748e+02
   1.6008745e+02
   1.6001742e+02
   1.5994738e+02
   1.5987735e+02
   1.5980732e+02
   1.5973729e+02
   1.5972058e+02
   1.5971133e+02
   1.5970208e+02
   1.5969283e+02
   1.5968358e+02
   1.5967432e+02
   1.5966507e+02
   1.5965582e+02
   1.5964657e+02
   1.5963732e+02
   1.5962806e+02
   1.5961881e+02
   1.5960956e+02
   1.5960031e+02
   1.5959106e+02
   1.5958181e+02
   1.5957255e+02
   1.5956330e+02
   1.5955405e+02
   1.5954480e+02
   1.5953555e+02
   1.5953459e+02
   1.5953834e+02
   1.5954209e+02
   1.5954584e+02
   1.5954958e+02
   1.5955333e+02
   1.5955708e+02
   1.5956083e+02
   1.5956458e+02
   1.5956832e+02
   1.5957207e+02
   1.5957582e+02
   1.5957957e+02
   1.5958332e+02
   1.5958706e+02
   1.5959081e+02
   1.5959456e+02
   1.5959831e+02
   1.5960206e+02
   1.5960580e+02
   1.5960955e+02
   1.5961160e+02
   1.5961111e+02
   1.5961062e+02
   1.5961014e+02
   1.5960965e+02
   1.5960916e+02
   1.5960867e+02
   1.5960818e+02
   1.5960769e+02
   1.5960720e+02
   1.5960671e+02
   1.5960622e+02
   1.5960573e+02
   1.5960524e+02
   1.5960475e+02
   1.5960426e+02
   1.5960377e+02
   1.5960328e+02
   1.5960279e+02
   1.5960230e+02
   1.5960181e+02
   1.5961713e+02
   1.5971481e+02
   1.5981250e+02
   1.5991019e+02
   1.6000787e+02
   1.6010556e+02
   1.6020325e+02
   1.6030093e+02
   1.6039862e+02
   1.6049631e+02
   1.6059399e+02
   1.6069168e+02
   1.6078936e+02
   1.6088705e+02
   1.6098474e+02
   1.6108242e+02
   1.6118011e+02
   1.6127780e+02
   1.6137548e+02
   1.6147317e+02
   1.6157086e+02
   1.6166854e+02
   1.6172200e+02
   1.6177175e+02
   1.6182150e+02
   1.6187124e+02
   1.6192099e+02
   1.6197074e+02
   1.6202049e+02
   1.6207024e+02
   1.6211998e+02
   1.6216973e+02
   1.6221948e+02
   1.6226923e+02
   1.6231898e+02
   1.6236872e+02
   1.6241847e+02
   1.6246822e+02
   1.6251797e+02
   1.6256772e+02
   1.6261747e+02
   1.6266721e+02
   1.6271696e+02
   1.6263835e+02
   1.6250034e+02
   1.6236233e+02
   1.6222432e+02
   1.6208631e+02
   1.6194830e+02
   1.6181029e+02
   1.6167228e+02
   1.6153427e+02
   1.6139626e+02
   1.6125825e+02
   1.6112024e+02
   1.6098223e+02
   1.6084422e+02
   1.6070621e+02
   1.6056820e+02
   1.6043019e+02
   1.6029218e+02
   1.6015418e+02
   1.6001617e+02
   1.5987816e+02
   1.5976812e+02
   1.5969292e+02
   1.5961772e+02
   1.5954253e+02
   1.5946733e+02
   1.5939213e+02
   1.5931694e+02
   1.5924174e+02
   1.5916654e+02
   1.5909135e+02
   1.5901615e+02
   1.5894095e+02
   1.5886576e+02
   1.5879056e+02
   1.5871536e+02
   1.5864017e+02
   1.5856497e+02
   1.5848977e+02
   1.5841458e+02
   1.5833938e+02
   1.5826419e+02
   1.5821017e+02
   1.5823765e+02
   1.5826513e+02
   1.5829260e+02
   1.5832008e+02
   1.5834756e+02
   1.5837504e+02
   1.5840252e+02
   1.5843000e+02
   1.5845748e+02
   1.5848495e+02
   1.5851243e+02
   1.5853991e+02
   1.5856739e+02
   1.5859487e+02
   1.5862235e+02
   1.5864983e+02
   1.5867730e+02
   1.5870478e+02
   1.5873226e+02
   1.5875974e+02
   1.5878722e+02
   1.5880029e+02
   1.5881289e+02
   1.5882548e+02
   1.5883808e+02
   1.5885067e+02
   1.5886326e+02
   1.5887586e+02
   1.5888845e+02
   1.5890105e+02
   1.5891364e+02
   1.5892624e+02
   1.5893883e+02
   1.5895143e+02
   1.5896402e+02
   1.5897662e+02
   1.5898921e+02
   1.5900181e+02
   1.5901440e+02
   1.5902700e+02
   1.5903959e+02
   1.5905219e+02
   1.5903460e+02
   1.5900579e+02
   1.5897698e+02
   1.5894817e+02
   1.5891936e+02
   1.5889055e+02
   1.5886174e+02
   1.5883293e+02
   1.5880412e+02
   1.5877531e+02
   1.5874650e+02
   1.5871769e+02
   1.5868888e+02
   1.5866007e+02
   1.5863126e+02
   1.5860245e+02
   1.5857364e+02
   1.5854483e+02
   1.5851602e+02
   1.5848721e+02
   1.5845840e+02
   1.5842642e+02
   1.5839115e+02
   1.5835588e+02
   1.5832061e+02
   1.5828534e+02
   1.5825006e+02
   1.5821479e+02
   1.5817952e+02
   1.5814425e+02
   1.5810898e+02
   1.5807371e+02
   1.5803844e+02
   1.5800317e+02
   1.5796790e+02
   1.5793262e+02
   1.5789735e+02
   1.5786208e+02
   1.5782681e+02
   1.5779154e+02
   1.5775627e+02
   1.5772100e+02
   1.5770020e+02
   1.5772247e+02
   1.5774473e+02
   1.5776700e+02
   1.5778926e+02
   1.5781153e+02
   1.5783380e+02
   1.5785606e+02
   1.5787833e+02
   1.5790059e+02
   1.5792286e+02
   1.5794512e+02
   1.5796739e+02
   1.5798965e+02
   1.5801192e+02
   1.5803419e+02
   1.5805645e+02
   1.5807872e+02
   1.5810098e+02
   1.5812325e+02
   1.5814551e+02
   1.5816870e+02
   1.5826384e+02
   1.5835899e+02
   1.5845414e+02
   1.5854929e+02
   1.5864444e+02
   1.5873959e+02
   1.5883474e+02
   1.5892988e+02
   1.5902503e+02
   1.5912018e+02
   1.5921533e+02
   1.5931048e+02
   1.5940563e+02
   1.5950078e+02
   1.5959592e+02
   1.5969107e+02
   1.5978622e+02
   1.5988137e+02
   1.5997652e+02
   1.6007167e+02
   1.6016682e+02
   1.6020387e+02
   1.6022398e+02
   1.6024409e+02
   1.6026420e+02
   1.6028431e+02
   1.6030441e+02
   1.6032452e+02
   1.6034463e+02
   1.6036474e+02
   1.6038485e+02
   1.6040496e+02
   1.6042507e+02
   1.6044518e+02
   1.6046529e+02
   1.6048540e+02
   1.6050551e+02
   1.6052562e+02
   1.6054573e+02
   1.6056583e+02
   1.6058594e+02
   1.6060605e+02
   1.6061099e+02
   1.6060275e+02
   1.6059451e+02
   1.6058627e+02
   1.6057803e+02
   1.6056979e+02
   1.6056155e+02
   1.6055331e+02
   1.6054507e+02
   1.6053683e+02
   1.6052859e+02
   1.6052035e+02
   1.6051211e+02
   1.6050387e+02
   1.6049563e+02
   1.6048739e+02
   1.6047915e+02
   1.6047091e+02
   1.6046267e+02
   1.6045443e+02
   1.6044619e+02
   1.6045233e+02
   1.6049250e+02
   1.6053267e+02
   1.6057284e+02
   1.6061301e+02
   1.6065318e+02
   1.6069335e+02
   1.6073352e+02
   1.6077370e+02
   1.6081387e+02
   1.6085404e+02
   1.6089421e+02
   1.6093438e+02
   1.6097455e+02
   1.6101472e+02
   1.6105490e+02
   1.6109507e+02
   1.6113524e+02
   1.6117541e+02
   1.6121558e+02
   1.6125575e+02
   1.6129589e+02
   1.6133555e+02
   1.6137521e+02
   1.6141487e+02
   1.6145453e+02
   1.6149419e+02
   1.6153385e+02
   1.6157351e+02
   1.6161317e+02
   1.6165283e+02
   1.6169249e+02
   1.6173215e+02
   1.6177181e+02
   1.6181147e+02
   1.6185113e+02
   1.6189079e+02
   1.6193044e+02
   1.6197010e+02
   1.6200976e+02
   1.6204942e+02
   1.6208908e+02
   1.6212874e+02
   1.6214819e+02
   1.6216319e+02
   1.6217818e+02
   1.6219318e+02
   1.6220817e+02
   1.6222317e+02
   1.6223817e+02
   1.6225316e+02
   1.6226816e+02
   1.6228315e+02
   1.6229815e+02
   1.6231315e+02
   1.6232814e+02
   1.6234314e+02
   1.6235813e+02
   1.6237313e+02
   1.6238813e+02
   1.6240312e+02
   1.6241812e+02
   1.6243311e+02
   1.6244811e+02
   1.6249245e+02
   1.6255800e+02
   1.6262354e+02
   1.6268909e+02
   1.6275464e+02
   1.6282018e+02
   1.6288573e+02
   1.6295128e+02
   1.6301682e+02
   1.6308237e+02
   1.6314791e+02
   1.6321346e+02
   1.6327901e+02
   1.6334455e+02
   1.6341010e+02
   1.6347565e+02
   1.6354119e+02
   1.6360674e+02
   1.6367229e+02
   1.6373783e+02
   1.6380338e+02
   1.6383675e+02
   1.6380824e+02
   1.6377974e+02
   1.6375123e+02
   1.6372273e+02
   1.6369423e+02
   1.6366572e+02
   1.6363722e+02
   1.6360871e+02
   1.6358021e+02
   1.6355171e+02
   1.6352320e+02
   1.6349470e+02
   1.6346619e+02
   1.6343769e+02
   1.6340919e+02
   1.6338068e+02
   1.6335218e+02
   1.6332367e+02
   1.6329517e+02
   1.6326666e+02
   1.6323927e+02
   1.6322154e+02
   1.6320381e+02
   1.6318608e+02
   1.6316835e+02
   1.6315061e+02
   1.6313288e+02
   1.6311515e+02
   1.6309742e+02
   1.6307969e+02
   1.6306196e+02
   1.6304422e+02
   1.6302649e+02
   1.6300876e+02
   1.6299103e+02
   1.6297330e+02
   1.6295557e+02
   1.6293784e+02
   1.6292010e+02
   1.6290237e+02
   1.6288464e+02
   1.6286691e+02
   1.6288034e+02
   1.6289866e+02
   1.6291699e+02
   1.6293531e+02
   1.6295364e+02
   1.6297196e+02
   1.6299029e+02
   1.6300861e+02
   1.6302694e+02
   1.6304526e+02
   1.6306359e+02
   1.6308191e+02
   1.6310024e+02
   1.6311856e+02
   1.6313689e+02
   1.6315522e+02
   1.6317354e+02
   1.6319187e+02
   1.6321019e+02
   1.6322852e+02
   1.6324684e+02
   1.6330403e+02
   1.6338446e+02
   1.6346489e+02
   1.6354531e+02
   1.6362574e+02
   1.6370617e+02
   1.6378660e+02
   1.6386702e+02
   1.6394745e+02
   1.6402788e+02
   1.6410831e+02
   1.6418873e+02
   1.6426916e+02
   1.6434959e+02
   1.6443001e+02
   1.6451044e+02
   1.6459087e+02
   1.6467130e+02
   1.6475172e+02
   1.6483215e+02
   1.6491258e+02
   1.6498125e+02
   1.6503129e+02
   1.6508133e+02
   1.6513136e+02
   1.6518140e+02
   1.6523144e+02
   1.6528147e+02
   1.6533151e+02
   1.6538155e+02
   1.6543158e+02
   1.6548162e+02
   1.6553166e+02
   1.6558170e+02
   1.6563173e+02
   1.6568177e+02
   1.6573181e+02
   1.6578184e+02
   1.6583188e+02
   1.6588192e+02
   1.6593195e+02
   1.6598199e+02
   1.6602835e+02
   1.6605364e+02
   1.6607892e+02
   1.6610420e+02
   1.6612949e+02
   1.6615477e+02
   1.6618005e+02
   1.6620534e+02
   1.6623062e+02
   1.6625591e+02
   1.6628119e+02
   1.6630647e+02
   1.6633176e+02
   1.6635704e+02
   1.6638232e+02
   1.6640761e+02
   1.6643289e+02
   1.6645818e+02
   1.6648346e+02
   1.6650874e+02
   1.6653403e+02
   1.6655931e+02
   1.6663910e+02
   1.6672432e+02
   1.6680954e+02
   1.6689475e+02
   1.6697997e+02
   1.6706519e+02
   1.6715041e+02
   1.6723563e+02
   1.6732085e+02
   1.6740607e+02
   1.6749128e+02
   1.6757650e+02
   1.6766172e+02
   1.6774694e+02
   1.6783216e+02
   1.6791738e+02
   1.6800260e+02
   1.6808781e+02
   1.6817303e+02
   1.6825825e+02
   1.6834347e+02
   1.6840727e+02
   1.6846057e+02
   1.6851388e+02
   1.6856718e+02
   1.6862048e+02
   1.6867378e+02
   1.6872709e+02
   1.6878039e+02
   1.6883369e+02
   1.6888700e+02
   1.6894030e+02
   1.6899360e+02
   1.6904690e+02
   1.6910021e+02
   1.6915351e+02
   1.6920681e+02
   1.6926012e+02
   1.6931342e+02
   1.6936672e+02
   1.6942002e+02
   1.6947333e+02
   1.6950864e+02
   1.6952030e+02
   1.6953196e+02
   1.6954363e+02
   1.6955529e+02
   1.6956695e+02
   1.6957862e+02
   1.6959028e+02
   1.6960194e+02
   1.6961360e+02
   1.6962527e+02
   1.6963693e+02
   1.6964859e+02
   1.6966026e+02
   1.6967192e+02
   1.6968358e+02
   1.6969524e+02
   1.6970691e+02
   1.6971857e+02
   1.6973023e+02
   1.6974190e+02
   1.6976469e+02
   1.6983378e+02
   1.6990287e+02
   1.6997197e+02
   1.7004106e+02
   1.7011016e+02
   1.7017925e+02
   1.7024835e+02
   1.7031744e+02
   1.7038654e+02
   1.7045563e+02
   1.7052473e+02
   1.7059382e+02
   1.7066291e+02
   1.7073201e+02
   1.7080110e+02
   1.7087020e+02
   1.7093929e+02
   1.7100839e+02
   1.7107748e+02
   1.7114658e+02
   1.7121567e+02
   1.7128926e+02
   1.7136307e+02
   1.7143688e+02
   1.7151069e+02
   1.7158450e+02
   1.7165830e+02
   1.7173211e+02
   1.7180592e+02
   1.7187973e+02
   1.7195353e+02
   1.7202734e+02
   1.7210115e+02
   1.7217496e+02
   1.7224876e+02
   1.7232257e+02
   1.7239638e+02
   1.7247019e+02
   1.7254399e+02
   1.7261780e+02
   1.7269161e+02
   1.7276542e+02
   1.7277105e+02
   1.7274960e+02
   1.7272816e+02
   1.7270671e+02
   1.7268526e+02
   1.7266382e+02
   1.7264237e+02
   1.7262092e+02
   1.7259947e+02
   1.7257803e+02
   1.7255658e+02
   1.7253513e+02
   1.7251369e+02
   1.7249224e+02
   1.7247079e+02
   1.7244934e+02
   1.7242790e+02
   1.7240645e+02
   1.7238500e+02
   1.7236356e+02
   1.7234211e+02
   1.7235426e+02
   1.7240320e+02
   1.7245214e+02
   1.7250108e+02
   1.7255001e+02
   1.7259895e+02
   1.7264789e+02
   1.7269683e+02
   1.7274577e+02
   1.7279471e+02
   1.7284364e+02
   1.7289258e+02
   1.7294152e+02
   1.7299046e+02
   1.7303940e+02
   1.7308833e+02
   1.7313727e+02
   1.7318621e+02
   1.7323515e+02
   1.7328409e+02
   1.7333303e+02
   1.7337597e+02
   1.7339975e+02
   1.7342352e+02
   1.7344730e+02
   1.7347108e+02
   1.7349486e+02
   1.7351863e+02
   1.7354241e+02
   1.7356619e+02
   1.7358997e+02
   1.7361374e+02
   1.7363752e+02
   1.7366130e+02
   1.7368508e+02
   1.7370886e+02
   1.7373263e+02
   1.7375641e+02
   1.7378019e+02
   1.7380397e+02
   1.7382774e+02
   1.7385152e+02
   1.7387530e+02
