   0.0000000e+00
  -5.6565749e-02
  -1.1313150e-01
  -1.6969725e-01
  -2.2626299e-01
  -2.8282874e-01
  -3.3939449e-01
  -3.9596024e-01
  -4.5252599e-01
  -5.0909174e-01
  -5.6565749e-01
  -6.2222323e-01
  -6.7878898e-01
  -7.3535473e-01
  -7.9192048e-01
  -8.4848623e-01
  -7.6973261e-01
  -6.8076969e-01
  -5.9180676e-01
  -5.0284384e-01
  -4.1388091e-01
  -3.2491799e-01
  -2.3595506e-01
  -1.4699214e-01
  -5.8029212e-02
   3.0933713e-02
   1.1989664e-01
   2.0885956e-01
   2.9782249e-01
   3.8678541e-01
   4.7574834e-01
   4.6284162e-01
   4.3324029e-01
   4.0363895e-01
   3.7403761e-01
   3.4443627e-01
   3.1483493e-01
   2.8523360e-01
   2.5563226e-01
   2.2603092e-01
   1.9642958e-01
   1.6682824e-01
   1.3722691e-01
   1.0762557e-01
   7.8024230e-02
   4.8422892e-02
   3.6603527e-02
   2.9538396e-02
   2.2473265e-02
   1.5408134e-02
   8.3430025e-03
   1.2778713e-03
  -5.7872599e-03
  -1.2852391e-02
  -1.9917522e-02
  -2.6982653e-02
  -3.4047785e-02
  -4.1112916e-02
  -4.8178047e-02
  -5.5243178e-02
  -6.2308310e-02
   5.4442582e-03
   1.0245348e-01
   1.9946271e-01
   2.9647194e-01
   3.9348116e-01
   4.9049039e-01
   5.8749961e-01
   6.8450884e-01
   7.8151807e-01
   8.7852729e-01
   9.7553652e-01
   1.0725457e+00
   1.1695550e+00
   1.2665642e+00
   1.3635734e+00
   1.4901029e+00
   1.6326517e+00
   1.7752005e+00
   1.9177493e+00
   2.0602981e+00
   2.2028468e+00
   2.3453956e+00
   2.4879444e+00
   2.6304932e+00
   2.7730420e+00
   2.9155907e+00
   3.0581395e+00
   3.2006883e+00
   3.3432371e+00
   3.4857859e+00
   3.7185362e+00
   4.0171214e+00
   4.3157065e+00
   4.6142916e+00
   4.9128767e+00
   5.2114619e+00
   5.5100470e+00
   5.8086321e+00
   6.1072173e+00
   6.4058024e+00
   6.7043875e+00
   7.0029727e+00
   7.3015578e+00
   7.6001429e+00
   7.8987281e+00
   8.1898660e+00
   8.4737746e+00
   8.7576833e+00
   9.0415919e+00
   9.3255006e+00
   9.6094092e+00
   9.8933179e+00
   1.0177227e+01
   1.0461135e+01
   1.0745044e+01
   1.1028953e+01
   1.1312861e+01
   1.1596770e+01
   1.1880679e+01
   1.2164587e+01
   1.2390704e+01
   1.2542447e+01
   1.2694191e+01
   1.2845934e+01
   1.2997678e+01
   1.3149422e+01
   1.3301165e+01
   1.3452909e+01
   1.3604653e+01
   1.3756396e+01
   1.3908140e+01
   1.4059884e+01
   1.4211627e+01
   1.4363371e+01
   1.4515115e+01
   1.4699196e+01
   1.4939024e+01
   1.5178853e+01
   1.5418681e+01
   1.5658509e+01
   1.5898338e+01
   1.6138166e+01
   1.6377994e+01
   1.6617823e+01
   1.6857651e+01
   1.7097479e+01
   1.7337308e+01
   1.7577136e+01
   1.7816965e+01
   1.8056793e+01
   1.8203376e+01
   1.8128682e+01
   1.8053988e+01
   1.7979294e+01
   1.7904600e+01
   1.7829906e+01
   1.7755212e+01
   1.7680518e+01
   1.7605824e+01
   1.7531130e+01
   1.7456436e+01
   1.7381742e+01
   1.7307048e+01
   1.7232354e+01
   1.7157660e+01
   1.7150937e+01
   1.7376583e+01
   1.7602230e+01
   1.7827876e+01
   1.8053523e+01
   1.8279169e+01
   1.8504816e+01
   1.8730462e+01
   1.8956109e+01
   1.9181755e+01
   1.9407402e+01
   1.9633048e+01
   1.9858695e+01
   2.0084341e+01
   2.0309988e+01
   2.0540325e+01
   2.0796106e+01
   2.1051887e+01
   2.1307668e+01
   2.1563449e+01
   2.1819230e+01
   2.2075012e+01
   2.2330793e+01
   2.2586574e+01
   2.2842355e+01
   2.3098136e+01
   2.3353917e+01
   2.3609698e+01
   2.3865479e+01
   2.4121260e+01
   2.4366402e+01
   2.4497759e+01
   2.4629116e+01
   2.4760473e+01
   2.4891830e+01
   2.5023187e+01
   2.5154544e+01
   2.5285901e+01
   2.5417258e+01
   2.5548615e+01
   2.5679972e+01
   2.5811329e+01
   2.5942686e+01
   2.6074043e+01
   2.6205400e+01
   2.6337870e+01
   2.6541704e+01
   2.6745539e+01
   2.6949373e+01
   2.7153208e+01
   2.7357043e+01
   2.7560877e+01
   2.7764712e+01
   2.7968546e+01
   2.8172381e+01
   2.8376215e+01
   2.8580050e+01
   2.8783884e+01
   2.8987719e+01
   2.9191554e+01
   2.9395388e+01
   2.9983875e+01
   3.0594878e+01
   3.1205881e+01
   3.1816884e+01
   3.2427888e+01
   3.3038891e+01
   3.3649894e+01
   3.4260897e+01
   3.4871900e+01
   3.5482903e+01
   3.6093906e+01
   3.6704909e+01
   3.7315912e+01
   3.7926915e+01
   3.8537918e+01
   3.9417559e+01
   4.0335734e+01
   4.1253910e+01
   4.2172086e+01
   4.3090262e+01
   4.4008438e+01
   4.4926614e+01
   4.5844790e+01
   4.6762965e+01
   4.7681141e+01
   4.8599317e+01
   4.9517493e+01
   5.0435669e+01
   5.1353845e+01
   5.2272021e+01
   5.1938805e+01
   5.1300320e+01
   5.0661835e+01
   5.0023350e+01
   4.9384864e+01
   4.8746379e+01
   4.8107894e+01
   4.7469409e+01
   4.6830924e+01
   4.6192438e+01
   4.5553953e+01
   4.4915468e+01
   4.4276983e+01
   4.3638498e+01
   4.3000012e+01
   4.2871387e+01
   4.2927780e+01
   4.2984172e+01
   4.3040564e+01
   4.3096956e+01
   4.3153349e+01
   4.3209741e+01
   4.3266133e+01
   4.3322525e+01
   4.3378918e+01
   4.3435310e+01
   4.3491702e+01
   4.3548094e+01
   4.3604487e+01
   4.3660879e+01
   4.3848366e+01
   4.4102313e+01
   4.4356261e+01
   4.4610208e+01
   4.4864155e+01
   4.5118102e+01
   4.5372049e+01
   4.5625997e+01
   4.5879944e+01
   4.6133891e+01
   4.6387838e+01
   4.6641785e+01
   4.6895733e+01
   4.7149680e+01
   4.7403627e+01
   4.7739026e+01
   4.8130343e+01
   4.8521660e+01
   4.8912977e+01
   4.9304294e+01
   4.9695611e+01
   5.0086929e+01
   5.0478246e+01
   5.0869563e+01
   5.1260880e+01
   5.1652197e+01
   5.2043515e+01
   5.2434832e+01
   5.2826149e+01
   5.3217466e+01
   5.3334320e+01
   5.3200631e+01
   5.3066942e+01
   5.2933253e+01
   5.2799564e+01
   5.2665875e+01
   5.2532186e+01
   5.2398497e+01
   5.2264808e+01
   5.2131119e+01
   5.1997430e+01
   5.1863741e+01
   5.1730052e+01
   5.1596363e+01
   5.1462674e+01
   5.1410837e+01
   5.1458183e+01
   5.1505530e+01
   5.1552876e+01
   5.1600223e+01
   5.1647570e+01
   5.1694916e+01
   5.1742263e+01
   5.1789609e+01
   5.1836956e+01
   5.1884302e+01
   5.1931649e+01
   5.1978996e+01
   5.2026342e+01
   5.2073689e+01
   5.2139221e+01
   5.2234178e+01
   5.2329134e+01
   5.2424091e+01
   5.2519047e+01
   5.2614004e+01
   5.2708960e+01
   5.2803917e+01
   5.2898874e+01
   5.2993830e+01
   5.3088787e+01
   5.3183743e+01
   5.3278700e+01
   5.3373656e+01
   5.3468613e+01
   5.3565342e+01
   5.3665983e+01
   5.3766625e+01
   5.3867266e+01
   5.3967907e+01
   5.4068549e+01
   5.4169190e+01
   5.4269831e+01
   5.4370472e+01
   5.4471114e+01
   5.4571755e+01
   5.4672396e+01
   5.4773038e+01
   5.4873679e+01
   5.4974320e+01
   5.5097041e+01
   5.5289236e+01
   5.5481430e+01
   5.5673625e+01
   5.5865819e+01
   5.6058014e+01
   5.6250208e+01
   5.6442402e+01
   5.6634597e+01
   5.6826791e+01
   5.7018986e+01
   5.7211180e+01
   5.7403375e+01
   5.7595569e+01
   5.7787764e+01
   5.7922917e+01
   5.7781570e+01
   5.7640222e+01
   5.7498875e+01
   5.7357527e+01
   5.7216180e+01
   5.7074832e+01
   5.6933485e+01
   5.6792137e+01
   5.6650789e+01
   5.6509442e+01
   5.6368094e+01
   5.6226747e+01
   5.6085399e+01
   5.5944052e+01
   5.5828833e+01
   5.5947836e+01
   5.6066839e+01
   5.6185842e+01
   5.6304844e+01
   5.6423847e+01
   5.6542850e+01
   5.6661853e+01
   5.6780856e+01
   5.6899858e+01
   5.7018861e+01
   5.7137864e+01
   5.7256867e+01
   5.7375869e+01
   5.7494872e+01
   5.7614616e+01
   5.7758167e+01
   5.7901718e+01
   5.8045268e+01
   5.8188819e+01
   5.8332370e+01
   5.8475920e+01
   5.8619471e+01
   5.8763022e+01
   5.8906572e+01
   5.9050123e+01
   5.9193673e+01
   5.9337224e+01
   5.9480775e+01
   5.9624325e+01
   5.9767876e+01
   5.9874340e+01
   5.9979261e+01
   6.0084182e+01
   6.0189103e+01
   6.0294025e+01
   6.0398946e+01
   6.0503867e+01
   6.0608788e+01
   6.0713709e+01
   6.0818630e+01
   6.0923551e+01
   6.1028473e+01
   6.1133394e+01
   6.1238315e+01
   6.1343236e+01
   6.1442210e+01
   6.1540445e+01
   6.1638679e+01
   6.1736914e+01
   6.1835148e+01
   6.1933383e+01
   6.2031617e+01
   6.2129852e+01
   6.2228087e+01
   6.2326321e+01
   6.2424556e+01
   6.2522790e+01
   6.2621025e+01
   6.2719259e+01
   6.2817494e+01
   6.2878961e+01
   6.2932317e+01
   6.2985672e+01
   6.3039027e+01
   6.3092383e+01
   6.3145738e+01
   6.3199093e+01
   6.3252449e+01
   6.3305804e+01
   6.3359159e+01
   6.3412515e+01
   6.3465870e+01
   6.3519226e+01
   6.3572581e+01
   6.3625936e+01
   6.3678993e+01
   6.3731949e+01
   6.3784906e+01
   6.3837862e+01
   6.3890818e+01
   6.3943775e+01
   6.3996731e+01
   6.4049687e+01
   6.4102644e+01
   6.4155600e+01
   6.4208556e+01
   6.4261512e+01
   6.4314469e+01
   6.4367425e+01
   6.4420381e+01
   6.4531250e+01
   6.4669567e+01
   6.4807884e+01
   6.4946201e+01
   6.5084519e+01
   6.5222836e+01
   6.5361153e+01
   6.5499470e+01
   6.5637787e+01
   6.5776104e+01
   6.5914421e+01
   6.6052738e+01
   6.6191055e+01
   6.6329373e+01
   6.6467690e+01
   6.6636880e+01
   6.6825951e+01
   6.7015023e+01
   6.7204094e+01
   6.7393166e+01
   6.7582237e+01
   6.7771309e+01
   6.7960380e+01
   6.8149452e+01
   6.8338523e+01
   6.8527594e+01
   6.8716666e+01
   6.8905737e+01
   6.9094809e+01
   6.9283880e+01
   6.9365996e+01
   6.9356132e+01
   6.9346267e+01
   6.9336403e+01
   6.9326538e+01
   6.9316674e+01
   6.9306809e+01
   6.9296945e+01
   6.9287080e+01
   6.9277216e+01
   6.9267351e+01
   6.9257487e+01
   6.9247622e+01
   6.9237758e+01
   6.9227893e+01
   6.9252913e+01
   6.9317670e+01
   6.9382427e+01
   6.9447184e+01
   6.9511941e+01
   6.9576698e+01
   6.9641455e+01
   6.9706212e+01
   6.9770969e+01
   6.9835726e+01
   6.9900483e+01
   6.9965240e+01
   7.0029997e+01
   7.0094753e+01
   7.0159510e+01
   7.0300646e+01
   7.0557876e+01
   7.0815105e+01
   7.1072335e+01
   7.1329565e+01
   7.1586794e+01
   7.1844024e+01
   7.2101254e+01
   7.2358483e+01
   7.2615713e+01
   7.2872943e+01
   7.3130172e+01
   7.3387402e+01
   7.3644631e+01
   7.3901861e+01
   7.4170356e+01
   7.4462070e+01
   7.4753783e+01
   7.5045497e+01
   7.5337211e+01
   7.5628924e+01
   7.5920638e+01
   7.6212352e+01
   7.6504065e+01
   7.6795779e+01
   7.7087493e+01
   7.7379206e+01
   7.7670920e+01
   7.7962634e+01
   7.8254347e+01
   7.8482426e+01
   7.8526074e+01
   7.8569721e+01
   7.8613368e+01
   7.8657015e+01
   7.8700662e+01
   7.8744309e+01
   7.8787956e+01
   7.8831603e+01
   7.8875250e+01
   7.8918897e+01
   7.8962544e+01
   7.9006191e+01
   7.9049838e+01
   7.9093486e+01
   7.9121357e+01
   7.9080130e+01
   7.9038903e+01
   7.8997676e+01
   7.8956448e+01
   7.8915221e+01
   7.8873994e+01
   7.8832767e+01
   7.8791540e+01
   7.8750312e+01
   7.8709085e+01
   7.8667858e+01
   7.8626631e+01
   7.8585404e+01
   7.8544177e+01
   7.8521613e+01
   7.8641671e+01
   7.8761730e+01
   7.8881788e+01
   7.9001847e+01
   7.9121905e+01
   7.9241964e+01
   7.9362022e+01
   7.9482081e+01
   7.9602139e+01
   7.9722198e+01
   7.9842256e+01
   7.9962315e+01
   8.0082373e+01
   8.0202432e+01
   8.0329789e+01
   8.0611819e+01
   8.0893848e+01
   8.1175878e+01
   8.1457908e+01
   8.1739937e+01
   8.2021967e+01
   8.2303997e+01
   8.2586026e+01
   8.2868056e+01
   8.3150086e+01
   8.3432115e+01
   8.3714145e+01
   8.3996174e+01
   8.4278204e+01
   8.4560234e+01
   8.4921902e+01
   8.5285621e+01
   8.5649339e+01
   8.6013057e+01
   8.6376775e+01
   8.6740494e+01
   8.7104212e+01
   8.7467930e+01
   8.7831649e+01
   8.8195367e+01
   8.8559085e+01
   8.8922803e+01
   8.9286522e+01
   8.9650240e+01
   9.0013958e+01
   9.0194467e+01
   9.0355689e+01
   9.0516910e+01
   9.0678132e+01
   9.0839354e+01
   9.1000576e+01
   9.1161798e+01
   9.1323020e+01
   9.1484242e+01
   9.1645464e+01
   9.1806686e+01
   9.1967908e+01
   9.2129130e+01
   9.2290352e+01
   9.2451574e+01
   9.2579170e+01
   9.2700079e+01
   9.2820987e+01
   9.2941896e+01
   9.3062804e+01
   9.3183713e+01
   9.3304621e+01
   9.3425530e+01
   9.3546438e+01
   9.3667347e+01
   9.3788255e+01
   9.3909164e+01
   9.4030072e+01
   9.4150981e+01
   9.4271890e+01
   9.4341237e+01
   9.4394653e+01
   9.4448068e+01
   9.4501484e+01
   9.4554900e+01
   9.4608316e+01
   9.4661731e+01
   9.4715147e+01
   9.4768563e+01
   9.4821979e+01
   9.4875394e+01
   9.4928810e+01
   9.4982226e+01
   9.5035641e+01
   9.5089057e+01
   9.5113343e+01
   9.5124741e+01
   9.5136140e+01
   9.5147539e+01
   9.5158937e+01
   9.5170336e+01
   9.5181735e+01
   9.5193133e+01
   9.5204532e+01
   9.5215931e+01
   9.5227330e+01
   9.5238728e+01
   9.5250127e+01
   9.5261526e+01
   9.5272924e+01
   9.5384290e+01
   9.5556112e+01
   9.5727935e+01
   9.5899757e+01
   9.6071580e+01
   9.6243402e+01
   9.6415224e+01
   9.6587047e+01
   9.6758869e+01
   9.6930692e+01
   9.7102514e+01
   9.7274336e+01
   9.7446159e+01
   9.7617981e+01
   9.7789804e+01
   9.7866346e+01
   9.7865868e+01
   9.7865390e+01
   9.7864913e+01
   9.7864435e+01
   9.7863957e+01
   9.7863479e+01
   9.7863002e+01
   9.7862524e+01
   9.7862046e+01
   9.7861568e+01
   9.7861091e+01
   9.7860613e+01
   9.7860135e+01
   9.7859657e+01
   9.7834713e+01
   9.7783510e+01
   9.7732306e+01
   9.7681103e+01
   9.7629900e+01
   9.7578697e+01
   9.7527494e+01
   9.7476290e+01
   9.7425087e+01
   9.7373884e+01
   9.7322681e+01
   9.7271478e+01
   9.7220274e+01
   9.7169071e+01
   9.7117868e+01
   9.7171924e+01
   9.7376091e+01
   9.7580258e+01
   9.7784425e+01
   9.7988592e+01
   9.8192759e+01
   9.8396926e+01
   9.8601093e+01
   9.8805260e+01
   9.9009427e+01
   9.9213594e+01
   9.9417761e+01
   9.9621928e+01
   9.9826095e+01
   1.0003026e+02
   1.0021866e+02
   1.0037664e+02
   1.0053462e+02
   1.0069260e+02
   1.0085058e+02
   1.0100856e+02
   1.0116654e+02
   1.0132452e+02
   1.0148250e+02
   1.0164049e+02
   1.0179847e+02
   1.0195645e+02
   1.0211443e+02
   1.0227241e+02
   1.0243039e+02
   1.0253815e+02
   1.0251106e+02
   1.0248398e+02
   1.0245689e+02
   1.0242980e+02
   1.0240272e+02
   1.0237563e+02
   1.0234854e+02
   1.0232146e+02
   1.0229437e+02
   1.0226728e+02
   1.0224020e+02
   1.0221311e+02
   1.0218602e+02
   1.0215894e+02
   1.0215127e+02
   1.0222069e+02
   1.0229011e+02
   1.0235953e+02
   1.0242895e+02
   1.0249837e+02
   1.0256779e+02
   1.0263721e+02
   1.0270663e+02
   1.0277605e+02
   1.0284547e+02
   1.0291489e+02
   1.0298431e+02
   1.0305372e+02
   1.0312314e+02
   1.0320694e+02
   1.0338647e+02
   1.0356599e+02
   1.0374552e+02
   1.0392505e+02
   1.0410458e+02
   1.0428410e+02
   1.0446363e+02
   1.0464316e+02
   1.0482268e+02
   1.0500221e+02
   1.0518174e+02
   1.0536127e+02
   1.0554079e+02
   1.0572032e+02
   1.0589614e+02
   1.0601439e+02
   1.0613264e+02
   1.0625089e+02
   1.0636914e+02
   1.0648739e+02
   1.0660564e+02
   1.0672389e+02
   1.0684214e+02
   1.0696039e+02
   1.0707864e+02
   1.0719689e+02
   1.0731514e+02
   1.0743339e+02
   1.0755164e+02
   1.0766989e+02
   1.0775379e+02
   1.0783734e+02
   1.0792089e+02
   1.0800444e+02
   1.0808799e+02
   1.0817154e+02
   1.0825509e+02
   1.0833864e+02
   1.0842219e+02
   1.0850574e+02
   1.0858929e+02
   1.0867284e+02
   1.0875639e+02
   1.0883993e+02
   1.0892348e+02
   1.0903256e+02
   1.0914386e+02
   1.0925517e+02
   1.0936648e+02
   1.0947778e+02
   1.0958909e+02
   1.0970039e+02
   1.0981170e+02
   1.0992301e+02
   1.1003431e+02
   1.1014562e+02
   1.1025693e+02
   1.1036823e+02
   1.1047954e+02
   1.1059084e+02
   1.1077779e+02
   1.1097815e+02
   1.1117851e+02
   1.1137886e+02
   1.1157922e+02
   1.1177958e+02
   1.1197993e+02
   1.1218029e+02
   1.1238064e+02
   1.1258100e+02
   1.1278136e+02
   1.1298171e+02
   1.1318207e+02
   1.1338243e+02
   1.1358278e+02
   1.1379776e+02
   1.1401690e+02
   1.1423603e+02
   1.1445517e+02
   1.1467430e+02
   1.1489344e+02
   1.1511257e+02
   1.1533171e+02
   1.1555084e+02
   1.1576998e+02
   1.1598911e+02
   1.1620825e+02
   1.1642738e+02
   1.1664652e+02
   1.1686566e+02
   1.1702039e+02
   1.1714866e+02
   1.1727692e+02
   1.1740518e+02
   1.1753344e+02
   1.1766171e+02
   1.1778997e+02
   1.1791823e+02
   1.1804649e+02
   1.1817476e+02
   1.1830302e+02
   1.1843128e+02
   1.1855954e+02
   1.1868781e+02
   1.1881607e+02
   1.1898100e+02
   1.1916675e+02
   1.1935249e+02
   1.1953824e+02
   1.1972398e+02
   1.1990973e+02
   1.2009547e+02
   1.2028122e+02
   1.2046696e+02
   1.2065271e+02
   1.2083845e+02
   1.2102420e+02
   1.2120994e+02
   1.2139568e+02
   1.2158143e+02
   1.2167523e+02
   1.2169905e+02
   1.2172287e+02
   1.2174669e+02
   1.2177051e+02
   1.2179434e+02
   1.2181816e+02
   1.2184198e+02
   1.2186580e+02
   1.2188962e+02
   1.2191345e+02
   1.2193727e+02
   1.2196109e+02
   1.2198491e+02
   1.2200873e+02
   1.2206239e+02
   1.2214616e+02
   1.2222994e+02
   1.2231371e+02
   1.2239748e+02
   1.2248125e+02
   1.2256503e+02
   1.2264880e+02
   1.2273257e+02
   1.2281634e+02
   1.2290011e+02
   1.2298389e+02
   1.2306766e+02
   1.2315143e+02
   1.2323520e+02
   1.2334000e+02
   1.2347299e+02
   1.2360599e+02
   1.2373899e+02
   1.2387199e+02
   1.2400499e+02
   1.2413798e+02
   1.2427098e+02
   1.2440398e+02
   1.2453698e+02
   1.2466997e+02
   1.2480297e+02
   1.2493597e+02
   1.2506897e+02
   1.2520197e+02
   1.2530864e+02
   1.2536786e+02
   1.2542708e+02
   1.2548630e+02
   1.2554552e+02
   1.2560474e+02
   1.2566396e+02
   1.2572318e+02
   1.2578240e+02
   1.2584162e+02
   1.2590085e+02
   1.2596007e+02
   1.2601929e+02
   1.2607851e+02
   1.2613773e+02
   1.2618881e+02
   1.2621961e+02
   1.2625041e+02
   1.2628120e+02
   1.2631200e+02
   1.2634279e+02
   1.2637359e+02
   1.2640439e+02
   1.2643518e+02
   1.2646598e+02
   1.2649677e+02
   1.2652757e+02
   1.2655837e+02
   1.2658916e+02
   1.2661996e+02
   1.2668904e+02
   1.2689700e+02
   1.2710496e+02
   1.2731292e+02
   1.2752088e+02
   1.2772884e+02
   1.2793680e+02
   1.2814476e+02
   1.2835272e+02
   1.2856068e+02
   1.2876864e+02
   1.2897660e+02
   1.2918456e+02
   1.2939253e+02
   1.2960049e+02
   1.2978789e+02
   1.2985500e+02
   1.2992210e+02
   1.2998920e+02
   1.3005631e+02
   1.3012341e+02
   1.3019052e+02
   1.3025762e+02
   1.3032472e+02
   1.3039183e+02
   1.3045893e+02
   1.3052604e+02
   1.3059314e+02
   1.3066024e+02
   1.3072735e+02
   1.3078452e+02
   1.3071967e+02
   1.3065482e+02
   1.3058997e+02
   1.3052512e+02
   1.3046027e+02
   1.3039542e+02
   1.3033057e+02
   1.3026572e+02
   1.3020087e+02
   1.3013602e+02
   1.3007117e+02
   1.3000632e+02
   1.2994147e+02
   1.2987662e+02
   1.2981239e+02
   1.2986814e+02
   1.2992389e+02
   1.2997964e+02
   1.3003539e+02
   1.3009114e+02
   1.3014689e+02
   1.3020264e+02
   1.3025839e+02
   1.3031414e+02
   1.3036989e+02
   1.3042564e+02
   1.3048139e+02
   1.3053714e+02
   1.3059290e+02
   1.3064865e+02
   1.3071230e+02
   1.3077652e+02
   1.3084073e+02
   1.3090494e+02
   1.3096916e+02
   1.3103337e+02
   1.3109758e+02
   1.3116180e+02
   1.3122601e+02
   1.3129022e+02
   1.3135443e+02
   1.3141865e+02
   1.3148286e+02
   1.3154707e+02
   1.3161129e+02
   1.3155009e+02
   1.3146920e+02
   1.3138831e+02
   1.3130742e+02
   1.3122653e+02
   1.3114565e+02
   1.3106476e+02
   1.3098387e+02
   1.3090298e+02
   1.3082209e+02
   1.3074120e+02
   1.3066032e+02
   1.3057943e+02
   1.3049854e+02
   1.3041765e+02
   1.3033111e+02
   1.3024310e+02
   1.3015510e+02
   1.3006709e+02
   1.2997909e+02
   1.2989108e+02
   1.2980308e+02
   1.2971507e+02
   1.2962707e+02
   1.2953906e+02
   1.2945105e+02
   1.2936305e+02
   1.2927504e+02
   1.2918704e+02
   1.2909903e+02
   1.2913578e+02
   1.2922020e+02
   1.2930461e+02
   1.2938903e+02
   1.2947345e+02
   1.2955787e+02
   1.2964229e+02
   1.2972671e+02
   1.2981113e+02
   1.2989554e+02
   1.2997996e+02
   1.3006438e+02
   1.3014880e+02
   1.3023322e+02
   1.3031764e+02
   1.3040844e+02
   1.3050263e+02
   1.3059682e+02
   1.3069101e+02
   1.3078520e+02
   1.3087939e+02
   1.3097358e+02
   1.3106777e+02
   1.3116196e+02
   1.3125615e+02
   1.3135034e+02
   1.3144453e+02
   1.3153872e+02
   1.3163290e+02
   1.3172709e+02
   1.3176996e+02
   1.3177607e+02
   1.3178218e+02
   1.3178830e+02
   1.3179441e+02
   1.3180052e+02
   1.3180663e+02
   1.3181274e+02
   1.3181885e+02
   1.3182496e+02
   1.3183108e+02
   1.3183719e+02
   1.3184330e+02
   1.3184941e+02
   1.3185552e+02
   1.3179104e+02
   1.3165943e+02
   1.3152782e+02
   1.3139621e+02
   1.3126460e+02
   1.3113299e+02
   1.3100138e+02
   1.3086977e+02
   1.3073815e+02
   1.3060654e+02
   1.3047493e+02
   1.3034332e+02
   1.3021171e+02
   1.3008010e+02
   1.2994849e+02
   1.2989159e+02
   1.2992886e+02
   1.2996613e+02
   1.3000340e+02
   1.3004067e+02
   1.3007794e+02
   1.3011522e+02
   1.3015249e+02
   1.3018976e+02
   1.3022703e+02
   1.3026430e+02
   1.3030157e+02
   1.3033884e+02
   1.3037611e+02
   1.3041338e+02
   1.3042739e+02
   1.3040207e+02
   1.3037674e+02
   1.3035142e+02
   1.3032610e+02
   1.3030078e+02
   1.3027546e+02
   1.3025014e+02
   1.3022481e+02
   1.3019949e+02
   1.3017417e+02
   1.3014885e+02
   1.3012353e+02
   1.3009821e+02
   1.3007288e+02
   1.3007703e+02
   1.3014943e+02
   1.3022183e+02
   1.3029423e+02
   1.3036663e+02
   1.3043903e+02
   1.3051143e+02
   1.3058383e+02
   1.3065623e+02
   1.3072863e+02
   1.3080102e+02
   1.3087342e+02
   1.3094582e+02
   1.3101822e+02
   1.3109062e+02
   1.3115339e+02
   1.3118409e+02
   1.3121480e+02
   1.3124550e+02
   1.3127620e+02
   1.3130691e+02
   1.3133761e+02
   1.3136831e+02
   1.3139901e+02
   1.3142972e+02
   1.3146042e+02
   1.3149112e+02
   1.3152183e+02
   1.3155253e+02
   1.3158323e+02
   1.3160605e+02
   1.3158771e+02
   1.3156937e+02
   1.3155103e+02
   1.3153269e+02
   1.3151435e+02
   1.3149601e+02
   1.3147766e+02
   1.3145932e+02
   1.3144098e+02
   1.3142264e+02
   1.3140430e+02
   1.3138596e+02
   1.3136762e+02
   1.3134928e+02
   1.3133554e+02
   1.3136794e+02
   1.3140034e+02
   1.3143274e+02
   1.3146514e+02
   1.3149754e+02
   1.3152994e+02
   1.3156234e+02
   1.3159474e+02
   1.3162714e+02
   1.3165954e+02
   1.3169194e+02
   1.3172434e+02
   1.3175675e+02
   1.3178915e+02
   1.3182503e+02
   1.3203194e+02
   1.3223886e+02
   1.3244577e+02
   1.3265268e+02
   1.3285959e+02
   1.3306651e+02
   1.3327342e+02
   1.3348033e+02
   1.3368724e+02
   1.3389416e+02
   1.3410107e+02
   1.3430798e+02
   1.3451489e+02
   1.3472180e+02
   1.3492872e+02
   1.3505588e+02
   1.3517884e+02
   1.3530179e+02
   1.3542475e+02
   1.3554770e+02
   1.3567066e+02
   1.3579361e+02
   1.3591656e+02
   1.3603952e+02
   1.3616247e+02
   1.3628543e+02
   1.3640838e+02
   1.3653133e+02
   1.3665429e+02
   1.3677724e+02
   1.3667157e+02
   1.3653447e+02
   1.3639737e+02
   1.3626027e+02
   1.3612317e+02
   1.3598607e+02
   1.3584897e+02
   1.3571188e+02
   1.3557478e+02
   1.3543768e+02
   1.3530058e+02
   1.3516348e+02
   1.3502638e+02
   1.3488928e+02
   1.3475218e+02
   1.3469644e+02
   1.3465991e+02
   1.3462337e+02
   1.3458683e+02
   1.3455030e+02
   1.3451376e+02
   1.3447723e+02
   1.3444069e+02
   1.3440416e+02
   1.3436762e+02
   1.3433108e+02
   1.3429455e+02
   1.3425801e+02
   1.3422148e+02
   1.3418494e+02
   1.3418806e+02
   1.3420520e+02
   1.3422234e+02
   1.3423948e+02
   1.3425662e+02
   1.3427376e+02
   1.3429090e+02
   1.3430804e+02
   1.3432518e+02
   1.3434232e+02
   1.3435946e+02
   1.3437660e+02
   1.3439373e+02
   1.3441087e+02
   1.3442801e+02
   1.3432613e+02
   1.3416514e+02
   1.3400415e+02
   1.3384317e+02
   1.3368218e+02
   1.3352119e+02
   1.3336020e+02
   1.3319922e+02
   1.3303823e+02
   1.3287724e+02
   1.3271626e+02
   1.3255527e+02
   1.3239428e+02
   1.3223330e+02
   1.3207231e+02
   1.3197682e+02
   1.3192536e+02
   1.3187389e+02
   1.3182243e+02
   1.3177096e+02
   1.3171950e+02
   1.3166804e+02
   1.3161657e+02
   1.3156511e+02
   1.3151364e+02
   1.3146218e+02
   1.3141071e+02
   1.3135925e+02
   1.3130779e+02
   1.3125632e+02
   1.3123573e+02
   1.3124280e+02
   1.3124988e+02
   1.3125695e+02
   1.3126402e+02
   1.3127110e+02
   1.3127817e+02
   1.3128525e+02
   1.3129232e+02
   1.3129939e+02
   1.3130647e+02
   1.3131354e+02
   1.3132061e+02
   1.3132769e+02
   1.3133476e+02
   1.3137379e+02
   1.3145075e+02
   1.3152771e+02
   1.3160467e+02
   1.3168163e+02
   1.3175859e+02
   1.3183555e+02
   1.3191251e+02
   1.3198947e+02
   1.3206643e+02
   1.3214339e+02
   1.3222035e+02
   1.3229731e+02
   1.3237427e+02
   1.3245123e+02
   1.3251273e+02
   1.3254974e+02
   1.3258675e+02
   1.3262376e+02
   1.3266078e+02
   1.3269779e+02
   1.3273480e+02
   1.3277181e+02
   1.3280883e+02
   1.3284584e+02
   1.3288285e+02
   1.3291986e+02
   1.3295688e+02
   1.3299389e+02
   1.3303090e+02
   1.3308814e+02
   1.3318906e+02
   1.3328998e+02
   1.3339090e+02
   1.3349182e+02
   1.3359274e+02
   1.3369366e+02
   1.3379458e+02
   1.3389551e+02
   1.3399643e+02
   1.3409735e+02
   1.3419827e+02
   1.3429919e+02
   1.3440011e+02
   1.3450103e+02
   1.3458247e+02
   1.3460426e+02
   1.3462605e+02
   1.3464784e+02
   1.3466963e+02
   1.3469142e+02
   1.3471321e+02
   1.3473500e+02
   1.3475679e+02
   1.3477858e+02
   1.3480037e+02
   1.3482216e+02
   1.3484396e+02
   1.3486575e+02
   1.3488754e+02
   1.3488603e+02
   1.3477515e+02
   1.3466428e+02
   1.3455340e+02
   1.3444253e+02
   1.3433165e+02
   1.3422078e+02
   1.3410990e+02
   1.3399903e+02
   1.3388815e+02
   1.3377728e+02
   1.3366640e+02
   1.3355553e+02
   1.3344465e+02
   1.3333378e+02
   1.3322528e+02
   1.3313688e+02
   1.3304849e+02
   1.3296010e+02
   1.3287170e+02
   1.3278331e+02
   1.3269492e+02
   1.3260652e+02
   1.3251813e+02
   1.3242974e+02
   1.3234134e+02
   1.3225295e+02
   1.3216456e+02
   1.3207616e+02
   1.3198777e+02
   1.3190243e+02
   1.3190033e+02
   1.3189823e+02
   1.3189614e+02
   1.3189404e+02
   1.3189194e+02
   1.3188985e+02
   1.3188775e+02
   1.3188565e+02
   1.3188355e+02
   1.3188146e+02
   1.3187936e+02
   1.3187726e+02
   1.3187517e+02
   1.3187307e+02
   1.3187097e+02
   1.3190418e+02
   1.3193868e+02
   1.3197318e+02
   1.3200768e+02
   1.3204217e+02
   1.3207667e+02
   1.3211117e+02
   1.3214567e+02
   1.3218017e+02
   1.3221467e+02
   1.3224917e+02
   1.3228367e+02
   1.3231816e+02
   1.3235266e+02
   1.3238716e+02
   1.3242701e+02
   1.3246748e+02
   1.3250796e+02
   1.3254843e+02
   1.3258891e+02
   1.3262939e+02
   1.3266986e+02
   1.3271034e+02
   1.3275081e+02
   1.3279129e+02
   1.3283177e+02
   1.3287224e+02
   1.3291272e+02
   1.3295319e+02
   1.3299367e+02
   1.3300526e+02
   1.3301066e+02
   1.3301607e+02
   1.3302148e+02
   1.3302689e+02
   1.3303230e+02
   1.3303770e+02
   1.3304311e+02
   1.3304852e+02
   1.3305393e+02
   1.3305934e+02
   1.3306474e+02
   1.3307015e+02
   1.3307556e+02
   1.3308097e+02
   1.3306414e+02
   1.3304005e+02
   1.3301595e+02
   1.3299186e+02
   1.3296776e+02
   1.3294367e+02
   1.3291958e+02
   1.3289548e+02
   1.3287139e+02
   1.3284729e+02
   1.3282320e+02
   1.3279911e+02
   1.3277501e+02
   1.3275092e+02
   1.3272682e+02
   1.3269705e+02
   1.3266465e+02
   1.3263225e+02
   1.3259985e+02
   1.3256745e+02
   1.3253505e+02
   1.3250265e+02
   1.3247025e+02
   1.3243785e+02
   1.3240545e+02
   1.3237304e+02
   1.3234064e+02
   1.3230824e+02
   1.3227584e+02
   1.3224344e+02
   1.3227354e+02
   1.3234311e+02
   1.3241267e+02
   1.3248224e+02
   1.3255181e+02
   1.3262138e+02
   1.3269095e+02
   1.3276051e+02
   1.3283008e+02
   1.3289965e+02
   1.3296922e+02
   1.3303879e+02
   1.3310835e+02
   1.3317792e+02
   1.3324749e+02
   1.3327609e+02
   1.3327017e+02
   1.3326425e+02
   1.3325833e+02
   1.3325241e+02
   1.3324649e+02
   1.3324057e+02
   1.3323466e+02
   1.3322874e+02
   1.3322282e+02
   1.3321690e+02
   1.3321098e+02
   1.3320506e+02
   1.3319914e+02
   1.3319322e+02
   1.3322174e+02
   1.3328876e+02
   1.3335578e+02
   1.3342280e+02
   1.3348982e+02
   1.3355684e+02
   1.3362386e+02
   1.3369088e+02
   1.3375790e+02
   1.3382492e+02
   1.3389194e+02
   1.3395896e+02
   1.3402598e+02
   1.3409300e+02
   1.3416002e+02
   1.3424174e+02
   1.3434534e+02
   1.3444893e+02
   1.3455253e+02
   1.3465612e+02
   1.3475972e+02
   1.3486331e+02
   1.3496691e+02
   1.3507050e+02
   1.3517410e+02
   1.3527769e+02
   1.3538129e+02
   1.3548489e+02
   1.3558848e+02
   1.3569208e+02
   1.3578455e+02
   1.3585463e+02
   1.3592470e+02
   1.3599478e+02
   1.3606486e+02
   1.3613493e+02
   1.3620501e+02
   1.3627509e+02
   1.3634516e+02
   1.3641524e+02
   1.3648532e+02
   1.3655539e+02
   1.3662547e+02
   1.3669555e+02
   1.3676562e+02
   1.3682208e+02
   1.3684002e+02
   1.3685796e+02
   1.3687589e+02
   1.3689383e+02
   1.3691176e+02
   1.3692970e+02
   1.3694764e+02
   1.3696557e+02
   1.3698351e+02
   1.3700144e+02
   1.3701938e+02
   1.3703732e+02
   1.3705525e+02
   1.3707319e+02
   1.3708297e+02
   1.3705823e+02
   1.3703349e+02
   1.3700874e+02
   1.3698400e+02
   1.3695926e+02
   1.3693451e+02
   1.3690977e+02
   1.3688503e+02
   1.3686028e+02
   1.3683554e+02
   1.3681080e+02
   1.3678605e+02
   1.3676131e+02
   1.3673657e+02
   1.3671239e+02
   1.3669232e+02
   1.3667225e+02
   1.3665219e+02
   1.3663212e+02
   1.3661205e+02
   1.3659199e+02
   1.3657192e+02
   1.3655186e+02
   1.3653179e+02
   1.3651172e+02
   1.3649166e+02
   1.3647159e+02
   1.3645153e+02
   1.3643146e+02
   1.3641314e+02
   1.3642788e+02
   1.3644262e+02
   1.3645735e+02
   1.3647209e+02
   1.3648683e+02
   1.3650157e+02
   1.3651630e+02
   1.3653104e+02
   1.3654578e+02
   1.3656052e+02
   1.3657525e+02
   1.3658999e+02
   1.3660473e+02
   1.3661947e+02
   1.3663421e+02
   1.3659211e+02
   1.3654885e+02
   1.3650560e+02
   1.3646234e+02
   1.3641908e+02
   1.3637583e+02
   1.3633257e+02
   1.3628931e+02
   1.3624606e+02
   1.3620280e+02
   1.3615955e+02
   1.3611629e+02
   1.3607303e+02
   1.3602978e+02
   1.3598652e+02
   1.3601128e+02
   1.3604282e+02
   1.3607436e+02
   1.3610590e+02
   1.3613744e+02
   1.3616898e+02
   1.3620052e+02
   1.3623206e+02
   1.3626359e+02
   1.3629513e+02
   1.3632667e+02
   1.3635821e+02
   1.3638975e+02
   1.3642129e+02
   1.3645283e+02
   1.3650040e+02
   1.3655104e+02
   1.3660168e+02
   1.3665232e+02
   1.3670297e+02
   1.3675361e+02
   1.3680425e+02
   1.3685489e+02
   1.3690553e+02
   1.3695617e+02
   1.3700681e+02
   1.3705746e+02
   1.3710810e+02
   1.3715874e+02
   1.3720938e+02
   1.3730542e+02
   1.3741514e+02
   1.3752485e+02
   1.3763456e+02
   1.3774428e+02
   1.3785399e+02
   1.3796370e+02
   1.3807342e+02
   1.3818313e+02
   1.3829284e+02
   1.3840256e+02
   1.3851227e+02
   1.3862198e+02
   1.3873170e+02
   1.3884141e+02
   1.3894999e+02
   1.3905807e+02
   1.3916615e+02
   1.3927423e+02
   1.3938231e+02
   1.3949039e+02
   1.3959847e+02
   1.3970655e+02
   1.3981463e+02
   1.3992272e+02
   1.4003080e+02
   1.4013888e+02
   1.4024696e+02
   1.4035504e+02
   1.4046312e+02
   1.4062703e+02
   1.4082397e+02
   1.4102091e+02
   1.4121785e+02
   1.4141479e+02
   1.4161172e+02
   1.4180866e+02
   1.4200560e+02
   1.4220254e+02
   1.4239948e+02
   1.4259642e+02
   1.4279336e+02
   1.4299030e+02
   1.4318724e+02
   1.4338418e+02
   1.4358960e+02
   1.4380174e+02
   1.4401389e+02
   1.4422604e+02
   1.4443819e+02
   1.4465033e+02
   1.4486248e+02
   1.4507463e+02
   1.4528678e+02
   1.4549893e+02
   1.4571107e+02
   1.4592322e+02
   1.4613537e+02
   1.4634752e+02
   1.4655966e+02
   1.4672635e+02
   1.4684524e+02
   1.4696413e+02
   1.4708301e+02
   1.4720190e+02
   1.4732079e+02
   1.4743967e+02
   1.4755856e+02
   1.4767745e+02
   1.4779633e+02
   1.4791522e+02
   1.4803411e+02
   1.4815299e+02
   1.4827188e+02
   1.4839077e+02
   1.4846487e+02
   1.4847633e+02
   1.4848778e+02
   1.4849923e+02
   1.4851069e+02
   1.4852214e+02
   1.4853359e+02
   1.4854505e+02
   1.4855650e+02
   1.4856795e+02
   1.4857940e+02
   1.4859086e+02
   1.4860231e+02
   1.4861376e+02
   1.4862522e+02
   1.4864541e+02
   1.4868209e+02
   1.4871876e+02
   1.4875544e+02
   1.4879211e+02
   1.4882879e+02
   1.4886546e+02
   1.4890214e+02
   1.4893881e+02
   1.4897549e+02
   1.4901216e+02
   1.4904884e+02
   1.4908552e+02
   1.4912219e+02
   1.4915887e+02
   1.4918657e+02
   1.4919078e+02
   1.4919499e+02
   1.4919921e+02
   1.4920342e+02
   1.4920763e+02
   1.4921185e+02
   1.4921606e+02
   1.4922027e+02
   1.4922449e+02
   1.4922870e+02
   1.4923291e+02
   1.4923713e+02
   1.4924134e+02
   1.4924555e+02
   1.4923881e+02
   1.4918978e+02
   1.4914076e+02
   1.4909174e+02
   1.4904271e+02
   1.4899369e+02
   1.4894466e+02
   1.4889564e+02
   1.4884662e+02
   1.4879759e+02
   1.4874857e+02
   1.4869954e+02
   1.4865052e+02
   1.4860150e+02
   1.4855247e+02
   1.4851414e+02
   1.4854391e+02
   1.4857367e+02
   1.4860344e+02
   1.4863320e+02
   1.4866297e+02
   1.4869274e+02
   1.4872250e+02
   1.4875227e+02
   1.4878204e+02
   1.4881180e+02
   1.4884157e+02
   1.4887134e+02
   1.4890110e+02
   1.4893087e+02
   1.4895111e+02
   1.4883435e+02
   1.4871760e+02
   1.4860085e+02
   1.4848409e+02
   1.4836734e+02
   1.4825058e+02
   1.4813383e+02
   1.4801708e+02
   1.4790032e+02
   1.4778357e+02
   1.4766681e+02
   1.4755006e+02
   1.4743331e+02
   1.4731655e+02
   1.4719980e+02
   1.4716512e+02
   1.4713087e+02
   1.4709662e+02
   1.4706236e+02
   1.4702811e+02
   1.4699386e+02
   1.4695960e+02
   1.4692535e+02
   1.4689110e+02
   1.4685684e+02
   1.4682259e+02
   1.4678834e+02
   1.4675408e+02
   1.4671983e+02
   1.4668558e+02
   1.4671441e+02
   1.4674838e+02
   1.4678234e+02
   1.4681631e+02
   1.4685028e+02
   1.4688424e+02
   1.4691821e+02
   1.4695218e+02
   1.4698614e+02
   1.4702011e+02
   1.4705408e+02
   1.4708804e+02
   1.4712201e+02
   1.4715598e+02
   1.4718994e+02
   1.4717786e+02
   1.4715790e+02
   1.4713795e+02
   1.4711800e+02
   1.4709804e+02
   1.4707809e+02
   1.4705814e+02
   1.4703818e+02
   1.4701823e+02
   1.4699828e+02
   1.4697832e+02
   1.4695837e+02
   1.4693842e+02
   1.4691846e+02
   1.4689851e+02
   1.4686425e+02
   1.4682605e+02
   1.4678785e+02
   1.4674965e+02
   1.4671145e+02
   1.4667325e+02
   1.4663505e+02
   1.4659685e+02
   1.4655865e+02
   1.4652045e+02
   1.4648225e+02
   1.4644405e+02
   1.4640585e+02
   1.4636765e+02
   1.4632945e+02
   1.4635369e+02
   1.4640303e+02
   1.4645236e+02
   1.4650170e+02
   1.4655103e+02
   1.4660037e+02
   1.4664971e+02
   1.4669904e+02
   1.4674838e+02
   1.4679771e+02
   1.4684705e+02
   1.4689638e+02
   1.4694572e+02
   1.4699506e+02
   1.4704439e+02
   1.4705730e+02
   1.4704998e+02
   1.4704267e+02
   1.4703536e+02
   1.4702805e+02
   1.4702073e+02
   1.4701342e+02
   1.4700611e+02
   1.4699880e+02
   1.4699149e+02
   1.4698417e+02
   1.4697686e+02
   1.4696955e+02
   1.4696224e+02
   1.4695492e+02
   1.4696598e+02
   1.4699073e+02
   1.4701548e+02
   1.4704023e+02
   1.4706498e+02
   1.4708973e+02
   1.4711448e+02
   1.4713923e+02
   1.4716398e+02
   1.4718873e+02
   1.4721348e+02
   1.4723823e+02
   1.4726298e+02
   1.4728773e+02
   1.4731248e+02
   1.4734331e+02
   1.4738016e+02
   1.4741700e+02
   1.4745385e+02
   1.4749070e+02
   1.4752755e+02
   1.4756439e+02
   1.4760124e+02
   1.4763809e+02
   1.4767494e+02
   1.4771179e+02
   1.4774863e+02
   1.4778548e+02
   1.4782233e+02
   1.4785918e+02
   1.4786954e+02
   1.4784512e+02
   1.4782069e+02
   1.4779627e+02
   1.4777184e+02
   1.4774742e+02
   1.4772299e+02
   1.4769857e+02
   1.4767414e+02
   1.4764972e+02
   1.4762530e+02
   1.4760087e+02
   1.4757645e+02
   1.4755202e+02
   1.4752760e+02
   1.4750381e+02
   1.4748116e+02
   1.4745850e+02
   1.4743585e+02
   1.4741319e+02
   1.4739054e+02
   1.4736789e+02
   1.4734523e+02
   1.4732258e+02
   1.4729992e+02
   1.4727727e+02
   1.4725462e+02
   1.4723196e+02
   1.4720931e+02
   1.4718665e+02
   1.4716740e+02
   1.4715641e+02
   1.4714542e+02
   1.4713443e+02
   1.4712344e+02
   1.4711246e+02
   1.4710147e+02
   1.4709048e+02
   1.4707949e+02
   1.4706850e+02
   1.4705751e+02
   1.4704652e+02
   1.4703554e+02
   1.4702455e+02
   1.4701356e+02
   1.4700243e+02
   1.4699080e+02
   1.4697918e+02
   1.4696755e+02
   1.4695593e+02
   1.4694430e+02
   1.4693268e+02
   1.4692105e+02
   1.4690943e+02
   1.4689780e+02
   1.4688618e+02
   1.4687455e+02
   1.4686293e+02
   1.4685130e+02
   1.4683968e+02
   1.4683426e+02
   1.4686390e+02
   1.4689353e+02
   1.4692317e+02
   1.4695280e+02
   1.4698243e+02
   1.4701207e+02
   1.4704170e+02
   1.4707134e+02
   1.4710097e+02
   1.4713061e+02
   1.4716024e+02
   1.4718988e+02
   1.4721951e+02
   1.4724915e+02
   1.4728370e+02
   1.4737455e+02
   1.4746539e+02
   1.4755624e+02
   1.4764708e+02
   1.4773793e+02
   1.4782878e+02
   1.4791962e+02
   1.4801047e+02
   1.4810131e+02
   1.4819216e+02
   1.4828300e+02
   1.4837385e+02
   1.4846469e+02
   1.4855554e+02
   1.4864508e+02
   1.4860190e+02
   1.4855872e+02
   1.4851555e+02
   1.4847237e+02
   1.4842919e+02
   1.4838601e+02
   1.4834283e+02
   1.4829966e+02
   1.4825648e+02
   1.4821330e+02
   1.4817012e+02
   1.4812694e+02
   1.4808376e+02
   1.4804059e+02
   1.4799741e+02
   1.4789811e+02
   1.4779519e+02
   1.4769228e+02
   1.4758937e+02
   1.4748646e+02
   1.4738355e+02
   1.4728063e+02
   1.4717772e+02
   1.4707481e+02
   1.4697190e+02
   1.4686899e+02
   1.4676607e+02
   1.4666316e+02
   1.4656025e+02
   1.4645734e+02
   1.4639997e+02
   1.4634944e+02
   1.4629891e+02
   1.4624838e+02
   1.4619785e+02
   1.4614733e+02
   1.4609680e+02
   1.4604627e+02
   1.4599574e+02
   1.4594521e+02
   1.4589468e+02
   1.4584415e+02
   1.4579362e+02
   1.4574310e+02
   1.4569257e+02
   1.4570076e+02
   1.4572373e+02
   1.4574671e+02
   1.4576969e+02
   1.4579267e+02
   1.4581565e+02
   1.4583863e+02
   1.4586161e+02
   1.4588459e+02
   1.4590757e+02
   1.4593055e+02
   1.4595353e+02
   1.4597651e+02
   1.4599948e+02
   1.4602246e+02
   1.4606879e+02
   1.4612382e+02
   1.4617885e+02
   1.4623388e+02
   1.4628890e+02
   1.4634393e+02
   1.4639896e+02
   1.4645399e+02
   1.4650901e+02
   1.4656404e+02
   1.4661907e+02
   1.4667410e+02
   1.4672912e+02
   1.4678415e+02
   1.4683918e+02
   1.4684762e+02
   1.4683184e+02
   1.4681606e+02
   1.4680028e+02
   1.4678450e+02
   1.4676872e+02
   1.4675294e+02
   1.4673716e+02
   1.4672138e+02
   1.4670560e+02
   1.4668982e+02
   1.4667404e+02
   1.4665826e+02
   1.4664248e+02
   1.4662670e+02
   1.4666192e+02
   1.4673288e+02
   1.4680385e+02
   1.4687482e+02
   1.4694579e+02
   1.4701676e+02
   1.4708772e+02
   1.4715869e+02
   1.4722966e+02
   1.4730063e+02
   1.4737160e+02
   1.4744257e+02
   1.4751353e+02
   1.4758450e+02
   1.4765547e+02
   1.4771489e+02
   1.4776355e+02
   1.4781220e+02
   1.4786086e+02
   1.4790952e+02
   1.4795818e+02
   1.4800683e+02
   1.4805549e+02
   1.4810415e+02
   1.4815281e+02
   1.4820146e+02
   1.4825012e+02
   1.4829878e+02
   1.4834744e+02
   1.4839609e+02
   1.4842296e+02
   1.4842286e+02
   1.4842276e+02
   1.4842266e+02
   1.4842256e+02
   1.4842246e+02
   1.4842236e+02
   1.4842226e+02
   1.4842216e+02
   1.4842206e+02
   1.4842196e+02
   1.4842186e+02
   1.4842176e+02
   1.4842166e+02
   1.4842156e+02
   1.4843817e+02
   1.4848239e+02
   1.4852662e+02
   1.4857084e+02
   1.4861507e+02
   1.4865929e+02
   1.4870352e+02
   1.4874774e+02
   1.4879197e+02
   1.4883619e+02
   1.4888042e+02
   1.4892464e+02
   1.4896887e+02
   1.4901309e+02
   1.4905732e+02
   1.4911075e+02
   1.4918507e+02
   1.4925938e+02
   1.4933369e+02
   1.4940800e+02
   1.4948232e+02
   1.4955663e+02
   1.4963094e+02
   1.4970525e+02
   1.4977957e+02
   1.4985388e+02
   1.4992819e+02
   1.5000250e+02
   1.5007682e+02
   1.5015113e+02
   1.5019028e+02
   1.5011564e+02
   1.5004099e+02
   1.4996635e+02
   1.4989170e+02
   1.4981706e+02
   1.4974241e+02
   1.4966777e+02
   1.4959313e+02
   1.4951848e+02
   1.4944384e+02
   1.4936919e+02
   1.4929455e+02
   1.4921991e+02
   1.4914526e+02
   1.4905863e+02
   1.4891170e+02
   1.4876477e+02
   1.4861784e+02
   1.4847091e+02
   1.4832399e+02
   1.4817706e+02
   1.4803013e+02
   1.4788320e+02
   1.4773627e+02
   1.4758935e+02
   1.4744242e+02
   1.4729549e+02
   1.4714856e+02
   1.4700163e+02
   1.4686667e+02
   1.4684533e+02
   1.4682399e+02
   1.4680265e+02
   1.4678131e+02
   1.4675997e+02
   1.4673863e+02
   1.4671729e+02
   1.4669595e+02
   1.4667461e+02
   1.4665327e+02
   1.4663193e+02
   1.4661059e+02
   1.4658924e+02
   1.4656790e+02
   1.4654748e+02
   1.4656265e+02
   1.4657782e+02
   1.4659299e+02
   1.4660815e+02
   1.4662332e+02
   1.4663849e+02
   1.4665366e+02
   1.4666883e+02
   1.4668400e+02
   1.4669917e+02
   1.4671433e+02
   1.4672950e+02
   1.4674467e+02
   1.4675984e+02
   1.4677501e+02
   1.4687733e+02
   1.4698381e+02
   1.4709029e+02
   1.4719678e+02
   1.4730326e+02
   1.4740974e+02
   1.4751622e+02
   1.4762270e+02
   1.4772919e+02
   1.4783567e+02
   1.4794215e+02
   1.4804863e+02
   1.4815511e+02
   1.4826160e+02
   1.4836808e+02
   1.4850287e+02
   1.4864137e+02
   1.4877987e+02
   1.4891837e+02
   1.4905687e+02
   1.4919537e+02
   1.4933387e+02
   1.4947236e+02
   1.4961086e+02
   1.4974936e+02
   1.4988786e+02
   1.5002636e+02
   1.5016486e+02
   1.5030336e+02
   1.5044186e+02
   1.5050236e+02
   1.5054506e+02
   1.5058776e+02
   1.5063046e+02
   1.5067316e+02
   1.5071586e+02
   1.5075856e+02
   1.5080125e+02
   1.5084395e+02
   1.5088665e+02
   1.5092935e+02
   1.5097205e+02
   1.5101475e+02
   1.5105745e+02
   1.5110015e+02
   1.5102603e+02
   1.5091160e+02
   1.5079718e+02
   1.5068275e+02
   1.5056833e+02
   1.5045390e+02
   1.5033948e+02
   1.5022505e+02
   1.5011063e+02
   1.4999620e+02
   1.4988178e+02
   1.4976735e+02
   1.4965293e+02
   1.4953850e+02
   1.4942408e+02
   1.4930819e+02
   1.4919158e+02
   1.4907498e+02
   1.4895838e+02
   1.4884177e+02
   1.4872517e+02
   1.4860856e+02
   1.4849196e+02
   1.4837535e+02
   1.4825875e+02
   1.4814215e+02
   1.4802554e+02
   1.4790894e+02
   1.4779233e+02
   1.4767573e+02
   1.4759839e+02
   1.4754693e+02
   1.4749547e+02
   1.4744401e+02
   1.4739255e+02
   1.4734109e+02
   1.4728963e+02
   1.4723817e+02
   1.4718671e+02
   1.4713525e+02
   1.4708379e+02
   1.4703233e+02
   1.4698087e+02
   1.4692942e+02
   1.4687796e+02
   1.4687237e+02
   1.4690706e+02
   1.4694176e+02
   1.4697645e+02
   1.4701114e+02
   1.4704583e+02
   1.4708052e+02
   1.4711521e+02
   1.4714990e+02
   1.4718459e+02
   1.4721928e+02
   1.4725398e+02
   1.4728867e+02
   1.4732336e+02
   1.4735805e+02
   1.4741412e+02
   1.4749505e+02
   1.4757598e+02
   1.4765692e+02
   1.4773785e+02
   1.4781878e+02
   1.4789971e+02
   1.4798065e+02
   1.4806158e+02
   1.4814251e+02
   1.4822344e+02
   1.4830437e+02
   1.4838531e+02
   1.4846624e+02
   1.4854717e+02
   1.4862847e+02
   1.4871035e+02
   1.4879223e+02
   1.4887410e+02
   1.4895598e+02
   1.4903786e+02
   1.4911973e+02
   1.4920161e+02
   1.4928349e+02
   1.4936537e+02
   1.4944724e+02
   1.4952912e+02
   1.4961100e+02
   1.4969287e+02
   1.4977475e+02
   1.4988928e+02
   1.5007269e+02
   1.5025610e+02
   1.5043951e+02
   1.5062291e+02
   1.5080632e+02
   1.5098973e+02
   1.5117314e+02
   1.5135655e+02
   1.5153996e+02
   1.5172337e+02
   1.5190678e+02
   1.5209019e+02
   1.5227360e+02
   1.5245701e+02
   1.5262956e+02
   1.5276969e+02
   1.5290982e+02
   1.5304995e+02
   1.5319008e+02
   1.5333022e+02
   1.5347035e+02
   1.5361048e+02
   1.5375061e+02
   1.5389074e+02
   1.5403087e+02
   1.5417100e+02
   1.5431114e+02
   1.5445127e+02
   1.5459140e+02
   1.5470763e+02
   1.5471555e+02
   1.5472346e+02
   1.5473138e+02
   1.5473930e+02
   1.5474721e+02
   1.5475513e+02
   1.5476305e+02
   1.5477096e+02
   1.5477888e+02
   1.5478679e+02
   1.5479471e+02
   1.5480263e+02
   1.5481054e+02
   1.5481846e+02
   1.5481795e+02
   1.5474968e+02
   1.5468142e+02
   1.5461315e+02
   1.5454489e+02
   1.5447662e+02
   1.5440836e+02
   1.5434009e+02
   1.5427183e+02
   1.5420356e+02
   1.5413530e+02
   1.5406703e+02
   1.5399877e+02
   1.5393050e+02
   1.5386224e+02
   1.5379796e+02
   1.5382937e+02
   1.5386079e+02
   1.5389221e+02
   1.5392363e+02
   1.5395505e+02
   1.5398647e+02
   1.5401789e+02
   1.5404931e+02
   1.5408073e+02
   1.5411215e+02
   1.5414357e+02
   1.5417499e+02
   1.5420641e+02
   1.5423783e+02
   1.5426925e+02
   1.5431310e+02
   1.5435733e+02
   1.5440156e+02
   1.5444579e+02
   1.5449002e+02
   1.5453425e+02
   1.5457849e+02
   1.5462272e+02
   1.5466695e+02
   1.5471118e+02
   1.5475541e+02
   1.5479964e+02
   1.5484388e+02
   1.5488811e+02
   1.5493234e+02
   1.5500900e+02
   1.5508931e+02
   1.5516961e+02
   1.5524992e+02
   1.5533022e+02
   1.5541053e+02
   1.5549083e+02
   1.5557114e+02
   1.5565144e+02
   1.5573174e+02
   1.5581205e+02
   1.5589235e+02
   1.5597266e+02
   1.5605296e+02
   1.5613327e+02
   1.5623698e+02
   1.5634552e+02
   1.5645406e+02
   1.5656259e+02
   1.5667113e+02
   1.5677967e+02
   1.5688821e+02
   1.5699675e+02
   1.5710529e+02
   1.5721383e+02
   1.5732237e+02
   1.5743091e+02
   1.5753945e+02
   1.5764798e+02
   1.5775652e+02
   1.5787840e+02
   1.5800451e+02
   1.5813062e+02
   1.5825674e+02
   1.5838285e+02
   1.5850896e+02
   1.5863507e+02
   1.5876119e+02
   1.5888730e+02
   1.5901341e+02
   1.5913952e+02
   1.5926564e+02
   1.5939175e+02
   1.5951786e+02
   1.5964398e+02
   1.5973063e+02
   1.5979941e+02
   1.5986819e+02
   1.5993697e+02
   1.6000575e+02
   1.6007452e+02
   1.6014330e+02
   1.6021208e+02
   1.6028086e+02
   1.6034964e+02
   1.6041842e+02
   1.6048719e+02
   1.6055597e+02
   1.6062475e+02
   1.6069353e+02
   1.6074346e+02
   1.6078174e+02
   1.6082002e+02
   1.6085830e+02
   1.6089658e+02
   1.6093486e+02
   1.6097314e+02
   1.6101142e+02
   1.6104970e+02
   1.6108798e+02
   1.6112625e+02
   1.6116453e+02
   1.6120281e+02
   1.6124109e+02
   1.6127937e+02
   1.6131543e+02
   1.6134964e+02
   1.6138385e+02
   1.6141807e+02
   1.6145228e+02
   1.6148649e+02
   1.6152071e+02
   1.6155492e+02
   1.6158913e+02
   1.6162335e+02
   1.6165756e+02
   1.6169177e+02
   1.6172599e+02
   1.6176020e+02
   1.6179441e+02
   1.6183211e+02
   1.6187361e+02
   1.6191512e+02
   1.6195663e+02
   1.6199813e+02
   1.6203964e+02
   1.6208114e+02
   1.6212265e+02
   1.6216415e+02
   1.6220566e+02
   1.6224717e+02
   1.6228867e+02
   1.6233018e+02
   1.6237168e+02
   1.6241319e+02
   1.6243648e+02
   1.6243323e+02
   1.6242999e+02
   1.6242675e+02
   1.6242350e+02
   1.6242026e+02
   1.6241701e+02
   1.6241377e+02
   1.6241052e+02
   1.6240728e+02
   1.6240403e+02
   1.6240079e+02
   1.6239754e+02
   1.6239430e+02
   1.6239105e+02
   1.6239420e+02
   1.6240994e+02
   1.6242569e+02
   1.6244144e+02
   1.6245718e+02
   1.6247293e+02
   1.6248868e+02
   1.6250442e+02
   1.6252017e+02
   1.6253591e+02
   1.6255166e+02
   1.6256741e+02
   1.6258315e+02
   1.6259890e+02
   1.6261465e+02
   1.6265667e+02
   1.6277110e+02
   1.6288554e+02
   1.6299997e+02
   1.6311441e+02
   1.6322884e+02
   1.6334328e+02
   1.6345771e+02
   1.6357214e+02
   1.6368658e+02
   1.6380101e+02
   1.6391545e+02
   1.6402988e+02
   1.6414432e+02
   1.6425875e+02
   1.6434466e+02
   1.6431324e+02
   1.6428183e+02
   1.6425042e+02
   1.6421900e+02
   1.6418759e+02
   1.6415618e+02
   1.6412476e+02
   1.6409335e+02
   1.6406194e+02
   1.6403052e+02
   1.6399911e+02
   1.6396770e+02
   1.6393629e+02
   1.6390487e+02
   1.6386927e+02
   1.6380444e+02
   1.6373961e+02
   1.6367478e+02
   1.6360995e+02
   1.6354512e+02
   1.6348029e+02
   1.6341546e+02
   1.6335063e+02
   1.6328580e+02
   1.6322097e+02
   1.6315614e+02
   1.6309131e+02
   1.6302648e+02
   1.6296165e+02
   1.6290216e+02
   1.6293396e+02
   1.6296575e+02
   1.6299755e+02
   1.6302935e+02
   1.6306114e+02
   1.6309294e+02
   1.6312474e+02
   1.6315653e+02
   1.6318833e+02
   1.6322013e+02
   1.6325192e+02
   1.6328372e+02
   1.6331552e+02
   1.6334731e+02
   1.6337911e+02
   1.6338723e+02
   1.6339498e+02
   1.6340273e+02
   1.6341048e+02
   1.6341823e+02
   1.6342598e+02
   1.6343373e+02
   1.6344148e+02
   1.6344923e+02
   1.6345699e+02
   1.6346474e+02
   1.6347249e+02
   1.6348024e+02
   1.6348799e+02
   1.6349574e+02
   1.6352624e+02
   1.6355888e+02
   1.6359151e+02
   1.6362414e+02
   1.6365677e+02
   1.6368941e+02
   1.6372204e+02
   1.6375467e+02
   1.6378731e+02
   1.6381994e+02
   1.6385257e+02
   1.6388521e+02
   1.6391784e+02
   1.6395047e+02
   1.6398310e+02
   1.6406959e+02
   1.6416605e+02
   1.6426250e+02
   1.6435896e+02
   1.6445542e+02
   1.6455187e+02
   1.6464833e+02
   1.6474478e+02
   1.6484124e+02
   1.6493769e+02
   1.6503415e+02
   1.6513060e+02
   1.6522706e+02
   1.6532352e+02
   1.6541997e+02
   1.6545519e+02
   1.6547249e+02
   1.6548980e+02
   1.6550711e+02
   1.6552441e+02
   1.6554172e+02
   1.6555902e+02
   1.6557633e+02
   1.6559364e+02
   1.6561094e+02
   1.6562825e+02
   1.6564555e+02
   1.6566286e+02
   1.6568016e+02
   1.6569747e+02
   1.6565433e+02
   1.6558572e+02
   1.6551711e+02
   1.6544850e+02
   1.6537989e+02
   1.6531128e+02
   1.6524267e+02
   1.6517406e+02
   1.6510545e+02
   1.6503684e+02
   1.6496823e+02
   1.6489962e+02
   1.6483101e+02
   1.6476240e+02
   1.6469379e+02
   1.6469339e+02
   1.6473256e+02
   1.6477173e+02
   1.6481090e+02
   1.6485007e+02
   1.6488924e+02
   1.6492841e+02
   1.6496758e+02
   1.6500675e+02
   1.6504592e+02
   1.6508509e+02
   1.6512426e+02
   1.6516343e+02
   1.6520260e+02
   1.6524177e+02
   1.6528345e+02
   1.6532708e+02
   1.6537071e+02
   1.6541433e+02
   1.6545796e+02
   1.6550159e+02
   1.6554522e+02
   1.6558885e+02
   1.6563247e+02
   1.6567610e+02
   1.6571973e+02
   1.6576336e+02
   1.6580698e+02
   1.6585061e+02
   1.6589424e+02
   1.6592991e+02
   1.6595738e+02
   1.6598484e+02
   1.6601231e+02
   1.6603977e+02
   1.6606724e+02
   1.6609470e+02
   1.6612217e+02
   1.6614963e+02
   1.6617710e+02
   1.6620456e+02
   1.6623203e+02
   1.6625949e+02
   1.6628696e+02
   1.6631442e+02
   1.6635311e+02
   1.6640719e+02
   1.6646126e+02
   1.6651534e+02
   1.6656941e+02
   1.6662348e+02
   1.6667756e+02
   1.6673163e+02
   1.6678570e+02
   1.6683978e+02
   1.6689385e+02
   1.6694793e+02
   1.6700200e+02
   1.6705607e+02
   1.6711015e+02
   1.6717832e+02
   1.6727248e+02
   1.6736663e+02
   1.6746079e+02
   1.6755495e+02
   1.6764910e+02
   1.6774326e+02
   1.6783742e+02
   1.6793157e+02
   1.6802573e+02
   1.6811989e+02
   1.6821404e+02
   1.6830820e+02
   1.6840236e+02
   1.6849651e+02
   1.6857613e+02
   1.6861856e+02
   1.6866098e+02
   1.6870341e+02
   1.6874584e+02
   1.6878827e+02
   1.6883070e+02
   1.6887312e+02
   1.6891555e+02
   1.6895798e+02
   1.6900041e+02
   1.6904284e+02
   1.6908527e+02
   1.6912769e+02
   1.6917012e+02
   1.6921879e+02
   1.6929080e+02
   1.6936281e+02
   1.6943481e+02
   1.6950682e+02
   1.6957883e+02
   1.6965084e+02
   1.6972284e+02
   1.6979485e+02
   1.6986686e+02
   1.6993887e+02
   1.7001087e+02
   1.7008288e+02
   1.7015489e+02
   1.7022690e+02
   1.7029011e+02
   1.7029948e+02
   1.7030884e+02
   1.7031820e+02
   1.7032757e+02
   1.7033693e+02
   1.7034629e+02
   1.7035565e+02
   1.7036502e+02
   1.7037438e+02
   1.7038374e+02
   1.7039311e+02
   1.7040247e+02
   1.7041183e+02
   1.7042119e+02
   1.7042842e+02
   1.7040735e+02
   1.7038629e+02
   1.7036522e+02
   1.7034415e+02
   1.7032308e+02
   1.7030201e+02
   1.7028095e+02
   1.7025988e+02
   1.7023881e+02
   1.7021774e+02
   1.7019667e+02
   1.7017560e+02
   1.7015454e+02
   1.7013347e+02
   1.7011240e+02
