   0.0000000e+00
  -1.4586481e-01
  -2.9172961e-01
  -4.3759442e-01
  -5.8345923e-01
  -7.2932404e-01
  -8.7518884e-01
  -1.0210537e+00
  -1.1669185e+00
  -1.3127833e+00
  -1.4586481e+00
  -1.6045129e+00
  -1.7503777e+00
  -1.8962425e+00
  -2.0421073e+00
  -2.1879721e+00
  -2.3338369e+00
  -2.4797017e+00
  -2.6255665e+00
  -2.7714313e+00
  -2.9172961e+00
  -3.0631610e+00
  -3.1267049e+00
  -3.1644112e+00
  -3.2021176e+00
  -3.2398240e+00
  -3.2775304e+00
  -3.3152367e+00
  -3.3529431e+00
  -3.3906495e+00
  -3.4283559e+00
  -3.4660622e+00
  -3.5037686e+00
  -3.5414750e+00
  -3.5791814e+00
  -3.6168877e+00
  -3.6545941e+00
  -3.6923005e+00
  -3.7300069e+00
  -3.7677132e+00
  -3.8054196e+00
  -3.8431260e+00
  -3.8808324e+00
  -3.8879852e+00
  -3.8672640e+00
  -3.8465427e+00
  -3.8258214e+00
  -3.8051001e+00
  -3.7843788e+00
  -3.7636575e+00
  -3.7429363e+00
  -3.7222150e+00
  -3.7014937e+00
  -3.6807724e+00
  -3.6600511e+00
  -3.6393298e+00
  -3.6186085e+00
  -3.5978873e+00
  -3.5771660e+00
  -3.5564447e+00
  -3.5357234e+00
  -3.5150021e+00
  -3.4942808e+00
  -3.4735596e+00
  -3.4455836e+00
  -3.3993216e+00
  -3.3530597e+00
  -3.3067977e+00
  -3.2605357e+00
  -3.2142737e+00
  -3.1680117e+00
  -3.1217497e+00
  -3.0754878e+00
  -3.0292258e+00
  -2.9829638e+00
  -2.9367018e+00
  -2.8904398e+00
  -2.8441778e+00
  -2.7979158e+00
  -2.7516539e+00
  -2.7053919e+00
  -2.6591299e+00
  -2.6128679e+00
  -2.5666059e+00
  -2.5203439e+00
  -2.4741552e+00
  -2.4295141e+00
  -2.3848730e+00
  -2.3402319e+00
  -2.2955908e+00
  -2.2509497e+00
  -2.2063086e+00
  -2.1616675e+00
  -2.1170264e+00
  -2.0723853e+00
  -2.0277443e+00
  -1.9831032e+00
  -1.9384621e+00
  -1.8938210e+00
  -1.8491799e+00
  -1.8045388e+00
  -1.7598977e+00
  -1.7152566e+00
  -1.6706155e+00
  -1.6259745e+00
  -1.5813334e+00
  -1.5366923e+00
  -1.4027089e+00
  -1.2472585e+00
  -1.0918081e+00
  -9.3635775e-01
  -7.8090737e-01
  -6.2545699e-01
  -4.7000661e-01
  -3.1455623e-01
  -1.5910585e-01
  -3.6554713e-03
   1.5179491e-01
   3.0724529e-01
   4.6269567e-01
   6.1814605e-01
   7.7359643e-01
   9.2904681e-01
   1.0844972e+00
   1.2399476e+00
   1.3953979e+00
   1.5508483e+00
   1.7062987e+00
   1.8112431e+00
   1.8777878e+00
   1.9443326e+00
   2.0108773e+00
   2.0774220e+00
   2.1439668e+00
   2.2105115e+00
   2.2770562e+00
   2.3436010e+00
   2.4101457e+00
   2.4766904e+00
   2.5432352e+00
   2.6097799e+00
   2.6763246e+00
   2.7428694e+00
   2.8094141e+00
   2.8759588e+00
   2.9425036e+00
   3.0090483e+00
   3.0755930e+00
   3.1421378e+00
   3.2104909e+00
   3.2825289e+00
   3.3545669e+00
   3.4266049e+00
   3.4986429e+00
   3.5706809e+00
   3.6427189e+00
   3.7147569e+00
   3.7867949e+00
   3.8588329e+00
   3.9308709e+00
   4.0029089e+00
   4.0749469e+00
   4.1469850e+00
   4.2190230e+00
   4.2910610e+00
   4.3630990e+00
   4.4351370e+00
   4.5071750e+00
   4.5792130e+00
   4.6512510e+00
   4.7177933e+00
   4.7289803e+00
   4.7401673e+00
   4.7513543e+00
   4.7625413e+00
   4.7737282e+00
   4.7849152e+00
   4.7961022e+00
   4.8072892e+00
   4.8184762e+00
   4.8296631e+00
   4.8408501e+00
   4.8520371e+00
   4.8632241e+00
   4.8744111e+00
   4.8855980e+00
   4.8967850e+00
   4.9079720e+00
   4.9191590e+00
   4.9303460e+00
   4.9415329e+00
   4.9527199e+00
   4.9197748e+00
   4.8791288e+00
   4.8384828e+00
   4.7978367e+00
   4.7571907e+00
   4.7165447e+00
   4.6758986e+00
   4.6352526e+00
   4.5946066e+00
   4.5539605e+00
   4.5133145e+00
   4.4726685e+00
   4.4320224e+00
   4.3913764e+00
   4.3507304e+00
   4.3100843e+00
   4.2694383e+00
   4.2287923e+00
   4.1881462e+00
   4.1475002e+00
   4.1068542e+00
   4.1774749e+00
   4.3182691e+00
   4.4590633e+00
   4.5998575e+00
   4.7406517e+00
   4.8814459e+00
   5.0222402e+00
   5.1630344e+00
   5.3038286e+00
   5.4446228e+00
   5.5854170e+00
   5.7262112e+00
   5.8670054e+00
   6.0077996e+00
   6.1485938e+00
   6.2893880e+00
   6.4301822e+00
   6.5709764e+00
   6.7117706e+00
   6.8525648e+00
   6.9933590e+00
   7.1182126e+00
   7.2164254e+00
   7.3146382e+00
   7.4128511e+00
   7.5110639e+00
   7.6092767e+00
   7.7074895e+00
   7.8057024e+00
   7.9039152e+00
   8.0021280e+00
   8.1003408e+00
   8.1985537e+00
   8.2967665e+00
   8.3949793e+00
   8.4931921e+00
   8.5914050e+00
   8.6896178e+00
   8.7878306e+00
   8.8860434e+00
   8.9842563e+00
   9.0824691e+00
   9.1897151e+00
   9.3546081e+00
   9.5195010e+00
   9.6843940e+00
   9.8492870e+00
   1.0014180e+01
   1.0179073e+01
   1.0343966e+01
   1.0508859e+01
   1.0673752e+01
   1.0838645e+01
   1.1003538e+01
   1.1168431e+01
   1.1333324e+01
   1.1498217e+01
   1.1663110e+01
   1.1828003e+01
   1.1992896e+01
   1.2157789e+01
   1.2322682e+01
   1.2487575e+01
   1.2652467e+01
   1.2757207e+01
   1.2855009e+01
   1.2952811e+01
   1.3050612e+01
   1.3148414e+01
   1.3246216e+01
   1.3344017e+01
   1.3441819e+01
   1.3539621e+01
   1.3637422e+01
   1.3735224e+01
   1.3833026e+01
   1.3930827e+01
   1.4028629e+01
   1.4126431e+01
   1.4224232e+01
   1.4322034e+01
   1.4419836e+01
   1.4517638e+01
   1.4615439e+01
   1.4713241e+01
   1.4731995e+01
   1.4709736e+01
   1.4687477e+01
   1.4665219e+01
   1.4642960e+01
   1.4620701e+01
   1.4598443e+01
   1.4576184e+01
   1.4553925e+01
   1.4531667e+01
   1.4509408e+01
   1.4487149e+01
   1.4464890e+01
   1.4442632e+01
   1.4420373e+01
   1.4398114e+01
   1.4375856e+01
   1.4353597e+01
   1.4331338e+01
   1.4309080e+01
   1.4286821e+01
   1.4302791e+01
   1.4371658e+01
   1.4440526e+01
   1.4509393e+01
   1.4578261e+01
   1.4647129e+01
   1.4715996e+01
   1.4784864e+01
   1.4853731e+01
   1.4922599e+01
   1.4991466e+01
   1.5060334e+01
   1.5129201e+01
   1.5198069e+01
   1.5266937e+01
   1.5335804e+01
   1.5404672e+01
   1.5473539e+01
   1.5542407e+01
   1.5611274e+01
   1.5680142e+01
   1.5755254e+01
   1.5858693e+01
   1.5962133e+01
   1.6065573e+01
   1.6169012e+01
   1.6272452e+01
   1.6375891e+01
   1.6479331e+01
   1.6582770e+01
   1.6686210e+01
   1.6789649e+01
   1.6893089e+01
   1.6996528e+01
   1.7099968e+01
   1.7203407e+01
   1.7306847e+01
   1.7410286e+01
   1.7513726e+01
   1.7617165e+01
   1.7720605e+01
   1.7824044e+01
   1.7927484e+01
   1.7936144e+01
   1.7938941e+01
   1.7941738e+01
   1.7944534e+01
   1.7947331e+01
   1.7950128e+01
   1.7952925e+01
   1.7955722e+01
   1.7958519e+01
   1.7961316e+01
   1.7964112e+01
   1.7966909e+01
   1.7969706e+01
   1.7972503e+01
   1.7975300e+01
   1.7978097e+01
   1.7980893e+01
   1.7983690e+01
   1.7986487e+01
   1.7989284e+01
   1.7992081e+01
   1.8100611e+01
   1.8253693e+01
   1.8406774e+01
   1.8559856e+01
   1.8712937e+01
   1.8866019e+01
   1.9019100e+01
   1.9172182e+01
   1.9325263e+01
   1.9478345e+01
   1.9631426e+01
   1.9784508e+01
   1.9937589e+01
   2.0090671e+01
   2.0243752e+01
   2.0396833e+01
   2.0549915e+01
   2.0702996e+01
   2.0856078e+01
   2.1009159e+01
   2.1162241e+01
   2.1291553e+01
   2.1393480e+01
   2.1495408e+01
   2.1597336e+01
   2.1699263e+01
   2.1801191e+01
   2.1903119e+01
   2.2005046e+01
   2.2106974e+01
   2.2208902e+01
   2.2310829e+01
   2.2412757e+01
   2.2514685e+01
   2.2616612e+01
   2.2718540e+01
   2.2820468e+01
   2.2922395e+01
   2.3024323e+01
   2.3126251e+01
   2.3228178e+01
   2.3330106e+01
   2.3427418e+01
   2.3508904e+01
   2.3590390e+01
   2.3671876e+01
   2.3753362e+01
   2.3834848e+01
   2.3916334e+01
   2.3997820e+01
   2.4079306e+01
   2.4160791e+01
   2.4242277e+01
   2.4323763e+01
   2.4405249e+01
   2.4486735e+01
   2.4568221e+01
   2.4649707e+01
   2.4731193e+01
   2.4812679e+01
   2.4894165e+01
   2.4975651e+01
   2.5057136e+01
   2.5138622e+01
   2.5387965e+01
   2.5639537e+01
   2.5891108e+01
   2.6142679e+01
   2.6394251e+01
   2.6645822e+01
   2.6897394e+01
   2.7148965e+01
   2.7400536e+01
   2.7652108e+01
   2.7903679e+01
   2.8155251e+01
   2.8406822e+01
   2.8658393e+01
   2.8909965e+01
   2.9161536e+01
   2.9413108e+01
   2.9664679e+01
   2.9916250e+01
   3.0167822e+01
   3.0419393e+01
   3.0477667e+01
   3.0471064e+01
   3.0464462e+01
   3.0457859e+01
   3.0451257e+01
   3.0444654e+01
   3.0438052e+01
   3.0431449e+01
   3.0424847e+01
   3.0418244e+01
   3.0411641e+01
   3.0405039e+01
   3.0398436e+01
   3.0391834e+01
   3.0385231e+01
   3.0378629e+01
   3.0372026e+01
   3.0365424e+01
   3.0358821e+01
   3.0352219e+01
   3.0345616e+01
   3.0347653e+01
   3.0357995e+01
   3.0368338e+01
   3.0378680e+01
   3.0389022e+01
   3.0399365e+01
   3.0409707e+01
   3.0420049e+01
   3.0430392e+01
   3.0440734e+01
   3.0451076e+01
   3.0461419e+01
   3.0471761e+01
   3.0482103e+01
   3.0492446e+01
   3.0502788e+01
   3.0513130e+01
   3.0523473e+01
   3.0533815e+01
   3.0544157e+01
   3.0554500e+01
   3.0596331e+01
   3.0722892e+01
   3.0849453e+01
   3.0976014e+01
   3.1102576e+01
   3.1229137e+01
   3.1355698e+01
   3.1482259e+01
   3.1608821e+01
   3.1735382e+01
   3.1861943e+01
   3.1988504e+01
   3.2115066e+01
   3.2241627e+01
   3.2368188e+01
   3.2494749e+01
   3.2621311e+01
   3.2747872e+01
   3.2874433e+01
   3.3000994e+01
   3.3127556e+01
   3.3258468e+01
   3.3520758e+01
   3.3783049e+01
   3.4045340e+01
   3.4307631e+01
   3.4569922e+01
   3.4832212e+01
   3.5094503e+01
   3.5356794e+01
   3.5619085e+01
   3.5881375e+01
   3.6143666e+01
   3.6405957e+01
   3.6668248e+01
   3.6930538e+01
   3.7192829e+01
   3.7455120e+01
   3.7717411e+01
   3.7979701e+01
   3.8241992e+01
   3.8504283e+01
   3.8766574e+01
   3.8886237e+01
   3.8968867e+01
   3.9051498e+01
   3.9134128e+01
   3.9216758e+01
   3.9299388e+01
   3.9382018e+01
   3.9464648e+01
   3.9547278e+01
   3.9629908e+01
   3.9712538e+01
   3.9795168e+01
   3.9877798e+01
   3.9960428e+01
   4.0043058e+01
   4.0125688e+01
   4.0208318e+01
   4.0290948e+01
   4.0373578e+01
   4.0456208e+01
   4.0538838e+01
   4.0579366e+01
   4.0586134e+01
   4.0592902e+01
   4.0599669e+01
   4.0606437e+01
   4.0613205e+01
   4.0619973e+01
   4.0626740e+01
   4.0633508e+01
   4.0640276e+01
   4.0647044e+01
   4.0653812e+01
   4.0660579e+01
   4.0667347e+01
   4.0674115e+01
   4.0680883e+01
   4.0687650e+01
   4.0694418e+01
   4.0701186e+01
   4.0707954e+01
   4.0714722e+01
   4.0743424e+01
   4.0819584e+01
   4.0895745e+01
   4.0971905e+01
   4.1048065e+01
   4.1124226e+01
   4.1200386e+01
   4.1276546e+01
   4.1352707e+01
   4.1428867e+01
   4.1505027e+01
   4.1581187e+01
   4.1657348e+01
   4.1733508e+01
   4.1809668e+01
   4.1885829e+01
   4.1961989e+01
   4.2038149e+01
   4.2114310e+01
   4.2190470e+01
   4.2266630e+01
   4.2334452e+01
   4.2302622e+01
   4.2270792e+01
   4.2238963e+01
   4.2207133e+01
   4.2175303e+01
   4.2143473e+01
   4.2111643e+01
   4.2079813e+01
   4.2047983e+01
   4.2016153e+01
   4.1984323e+01
   4.1952493e+01
   4.1920663e+01
   4.1888833e+01
   4.1857003e+01
   4.1825173e+01
   4.1793344e+01
   4.1761514e+01
   4.1729684e+01
   4.1697854e+01
   4.1666024e+01
   4.1718916e+01
   4.1788064e+01
   4.1857211e+01
   4.1926358e+01
   4.1995505e+01
   4.2064652e+01
   4.2133800e+01
   4.2202947e+01
   4.2272094e+01
   4.2341241e+01
   4.2410389e+01
   4.2479536e+01
   4.2548683e+01
   4.2617830e+01
   4.2686977e+01
   4.2756125e+01
   4.2825272e+01
   4.2894419e+01
   4.2963566e+01
   4.3032714e+01
   4.3101861e+01
   4.3230411e+01
   4.3398541e+01
   4.3566670e+01
   4.3734799e+01
   4.3902929e+01
   4.4071058e+01
   4.4239187e+01
   4.4407317e+01
   4.4575446e+01
   4.4743575e+01
   4.4911705e+01
   4.5079834e+01
   4.5247963e+01
   4.5416093e+01
   4.5584222e+01
   4.5752351e+01
   4.5920481e+01
   4.6088610e+01
   4.6256739e+01
   4.6424869e+01
   4.6592998e+01
   4.6769488e+01
   4.6960759e+01
   4.7152030e+01
   4.7343302e+01
   4.7534573e+01
   4.7725844e+01
   4.7917116e+01
   4.8108387e+01
   4.8299658e+01
   4.8490930e+01
   4.8682201e+01
   4.8873472e+01
   4.9064744e+01
   4.9256015e+01
   4.9447286e+01
   4.9638558e+01
   4.9829829e+01
   5.0021100e+01
   5.0212372e+01
   5.0403643e+01
   5.0594914e+01
   5.0763334e+01
   5.0767864e+01
   5.0772394e+01
   5.0776924e+01
   5.0781455e+01
   5.0785985e+01
   5.0790515e+01
   5.0795045e+01
   5.0799575e+01
   5.0804105e+01
   5.0808635e+01
   5.0813165e+01
   5.0817695e+01
   5.0822225e+01
   5.0826755e+01
   5.0831285e+01
   5.0835815e+01
   5.0840345e+01
   5.0844875e+01
   5.0849405e+01
   5.0853935e+01
   5.0858465e+01
   5.0870783e+01
   5.0884120e+01
   5.0897457e+01
   5.0910795e+01
   5.0924132e+01
   5.0937469e+01
   5.0950807e+01
   5.0964144e+01
   5.0977481e+01
   5.0990819e+01
   5.1004156e+01
   5.1017493e+01
   5.1030831e+01
   5.1044168e+01
   5.1057505e+01
   5.1070843e+01
   5.1084180e+01
   5.1097517e+01
   5.1110855e+01
   5.1124192e+01
   5.1137529e+01
   5.1193493e+01
   5.1272888e+01
   5.1352283e+01
   5.1431678e+01
   5.1511073e+01
   5.1590468e+01
   5.1669863e+01
   5.1749258e+01
   5.1828653e+01
   5.1908048e+01
   5.1987443e+01
   5.2066838e+01
   5.2146233e+01
   5.2225627e+01
   5.2305022e+01
   5.2384417e+01
   5.2463812e+01
   5.2543207e+01
   5.2622602e+01
   5.2701997e+01
   5.2781392e+01
   5.2827638e+01
   5.2825467e+01
   5.2823297e+01
   5.2821126e+01
   5.2818956e+01
   5.2816785e+01
   5.2814615e+01
   5.2812444e+01
   5.2810273e+01
   5.2808103e+01
   5.2805932e+01
   5.2803762e+01
   5.2801591e+01
   5.2799421e+01
   5.2797250e+01
   5.2795080e+01
   5.2792909e+01
   5.2790739e+01
   5.2788568e+01
   5.2786397e+01
   5.2784227e+01
   5.2787147e+01
   5.2815366e+01
   5.2843584e+01
   5.2871803e+01
   5.2900021e+01
   5.2928240e+01
   5.2956458e+01
   5.2984677e+01
   5.3012895e+01
   5.3041114e+01
   5.3069332e+01
   5.3097551e+01
   5.3125769e+01
   5.3153988e+01
   5.3182206e+01
   5.3210425e+01
   5.3238644e+01
   5.3266862e+01
   5.3295081e+01
   5.3323299e+01
   5.3351518e+01
   5.3379736e+01
   5.3511924e+01
   5.3652018e+01
   5.3792111e+01
   5.3932205e+01
   5.4072298e+01
   5.4212392e+01
   5.4352485e+01
   5.4492579e+01
   5.4632672e+01
   5.4772766e+01
   5.4912859e+01
   5.5052953e+01
   5.5193047e+01
   5.5333140e+01
   5.5473234e+01
   5.5613327e+01
   5.5753421e+01
   5.5893514e+01
   5.6033608e+01
   5.6173701e+01
   5.6313795e+01
   5.6450602e+01
   5.6585936e+01
   5.6721269e+01
   5.6856603e+01
   5.6991937e+01
   5.7127271e+01
   5.7262605e+01
   5.7397939e+01
   5.7533272e+01
   5.7668606e+01
   5.7803940e+01
   5.7939274e+01
   5.8074608e+01
   5.8209942e+01
   5.8345276e+01
   5.8480609e+01
   5.8615943e+01
   5.8751277e+01
   5.8886611e+01
   5.9021945e+01
   5.9157279e+01
   5.9320692e+01
   5.9518207e+01
   5.9715723e+01
   5.9913238e+01
   6.0110754e+01
   6.0308269e+01
   6.0505785e+01
   6.0703300e+01
   6.0900816e+01
   6.1098331e+01
   6.1295847e+01
   6.1493363e+01
   6.1690878e+01
   6.1888394e+01
   6.2085909e+01
   6.2283425e+01
   6.2480940e+01
   6.2678456e+01
   6.2875971e+01
   6.3073487e+01
   6.3271002e+01
   6.3482331e+01
   6.3744794e+01
   6.4007257e+01
   6.4269720e+01
   6.4532184e+01
   6.4794647e+01
   6.5057110e+01
   6.5319573e+01
   6.5582036e+01
   6.5844499e+01
   6.6106962e+01
   6.6369425e+01
   6.6631888e+01
   6.6894351e+01
   6.7156815e+01
   6.7419278e+01
   6.7681741e+01
   6.7944204e+01
   6.8206667e+01
   6.8469130e+01
   6.8731593e+01
   6.8994056e+01
   6.9082664e+01
   6.9166721e+01
   6.9250779e+01
   6.9334837e+01
   6.9418894e+01
   6.9502952e+01
   6.9587009e+01
   6.9671067e+01
   6.9755125e+01
   6.9839182e+01
   6.9923240e+01
   7.0007298e+01
   7.0091355e+01
   7.0175413e+01
   7.0259470e+01
   7.0343528e+01
   7.0427586e+01
   7.0511643e+01
   7.0595701e+01
   7.0679758e+01
   7.0763816e+01
   7.0814891e+01
   7.0854112e+01
   7.0893332e+01
   7.0932553e+01
   7.0971773e+01
   7.1010994e+01
   7.1050214e+01
   7.1089435e+01
   7.1128655e+01
   7.1167876e+01
   7.1207096e+01
   7.1246317e+01
   7.1285537e+01
   7.1324758e+01
   7.1363978e+01
   7.1403199e+01
   7.1442419e+01
   7.1481640e+01
   7.1520860e+01
   7.1560081e+01
   7.1599301e+01
   7.1662614e+01
   7.1750336e+01
   7.1838058e+01
   7.1925780e+01
   7.2013502e+01
   7.2101224e+01
   7.2188946e+01
   7.2276669e+01
   7.2364391e+01
   7.2452113e+01
   7.2539835e+01
   7.2627557e+01
   7.2715279e+01
   7.2803001e+01
   7.2890723e+01
   7.2978445e+01
   7.3066168e+01
   7.3153890e+01
   7.3241612e+01
   7.3329334e+01
   7.3417056e+01
   7.3521378e+01
   7.3673482e+01
   7.3825586e+01
   7.3977690e+01
   7.4129794e+01
   7.4281898e+01
   7.4434001e+01
   7.4586105e+01
   7.4738209e+01
   7.4890313e+01
   7.5042417e+01
   7.5194521e+01
   7.5346625e+01
   7.5498728e+01
   7.5650832e+01
   7.5802936e+01
   7.5955040e+01
   7.6107144e+01
   7.6259248e+01
   7.6411352e+01
   7.6563455e+01
   7.6712780e+01
   7.6723440e+01
   7.6734100e+01
   7.6744760e+01
   7.6755420e+01
   7.6766080e+01
   7.6776740e+01
   7.6787401e+01
   7.6798061e+01
   7.6808721e+01
   7.6819381e+01
   7.6830041e+01
   7.6840701e+01
   7.6851362e+01
   7.6862022e+01
   7.6872682e+01
   7.6883342e+01
   7.6894002e+01
   7.6904662e+01
   7.6915323e+01
   7.6925983e+01
   7.6936643e+01
   7.7014604e+01
   7.7111462e+01
   7.7208320e+01
   7.7305178e+01
   7.7402036e+01
   7.7498895e+01
   7.7595753e+01
   7.7692611e+01
   7.7789469e+01
   7.7886327e+01
   7.7983186e+01
   7.8080044e+01
   7.8176902e+01
   7.8273760e+01
   7.8370618e+01
   7.8467477e+01
   7.8564335e+01
   7.8661193e+01
   7.8758051e+01
   7.8854909e+01
   7.8951767e+01
   7.9168134e+01
   7.9485534e+01
   7.9802935e+01
   8.0120336e+01
   8.0437737e+01
   8.0755138e+01
   8.1072539e+01
   8.1389939e+01
   8.1707340e+01
   8.2024741e+01
   8.2342142e+01
   8.2659543e+01
   8.2976944e+01
   8.3294344e+01
   8.3611745e+01
   8.3929146e+01
   8.4246547e+01
   8.4563948e+01
   8.4881348e+01
   8.5198749e+01
   8.5516150e+01
   8.5763904e+01
   8.5851444e+01
   8.5938984e+01
   8.6026524e+01
   8.6114064e+01
   8.6201604e+01
   8.6289144e+01
   8.6376684e+01
   8.6464224e+01
   8.6551764e+01
   8.6639304e+01
   8.6726844e+01
   8.6814384e+01
   8.6901924e+01
   8.6989464e+01
   8.7077004e+01
   8.7164544e+01
   8.7252084e+01
   8.7339624e+01
   8.7427164e+01
   8.7514703e+01
   8.7606051e+01
   8.7752347e+01
   8.7898642e+01
   8.8044937e+01
   8.8191233e+01
   8.8337528e+01
   8.8483823e+01
   8.8630119e+01
   8.8776414e+01
   8.8922709e+01
   8.9069005e+01
   8.9215300e+01
   8.9361595e+01
   8.9507891e+01
   8.9654186e+01
   8.9800481e+01
   8.9946777e+01
   9.0093072e+01
   9.0239367e+01
   9.0385663e+01
   9.0531958e+01
   9.0678253e+01
   9.0655102e+01
   9.0596238e+01
   9.0537373e+01
   9.0478508e+01
   9.0419644e+01
   9.0360779e+01
   9.0301914e+01
   9.0243050e+01
   9.0184185e+01
   9.0125320e+01
   9.0066456e+01
   9.0007591e+01
   8.9948726e+01
   8.9889862e+01
   8.9830997e+01
   8.9772132e+01
   8.9713268e+01
   8.9654403e+01
   8.9595538e+01
   8.9536674e+01
   8.9477809e+01
   8.9428876e+01
   8.9386931e+01
   8.9344985e+01
   8.9303039e+01
   8.9261093e+01
   8.9219148e+01
   8.9177202e+01
   8.9135256e+01
   8.9093311e+01
   8.9051365e+01
   8.9009419e+01
   8.8967474e+01
   8.8925528e+01
   8.8883582e+01
   8.8841636e+01
   8.8799691e+01
   8.8757745e+01
   8.8715799e+01
   8.8673854e+01
   8.8631908e+01
   8.8589962e+01
   8.8578590e+01
   8.8624463e+01
   8.8670335e+01
   8.8716207e+01
   8.8762079e+01
   8.8807951e+01
   8.8853823e+01
   8.8899695e+01
   8.8945567e+01
   8.8991439e+01
   8.9037311e+01
   8.9083183e+01
   8.9129056e+01
   8.9174928e+01
   8.9220800e+01
   8.9266672e+01
   8.9312544e+01
   8.9358416e+01
   8.9404288e+01
   8.9450160e+01
   8.9496032e+01
   8.9540846e+01
   8.9577092e+01
   8.9613337e+01
   8.9649583e+01
   8.9685829e+01
   8.9722075e+01
   8.9758321e+01
   8.9794566e+01
   8.9830812e+01
   8.9867058e+01
   8.9903304e+01
   8.9939549e+01
   8.9975795e+01
   9.0012041e+01
   9.0048287e+01
   9.0084533e+01
   9.0120778e+01
   9.0157024e+01
   9.0193270e+01
   9.0229516e+01
   9.0265761e+01
   9.0302007e+01
   9.0342029e+01
   9.0382609e+01
   9.0423189e+01
   9.0463770e+01
   9.0504350e+01
   9.0544930e+01
   9.0585510e+01
   9.0626091e+01
   9.0666671e+01
   9.0707251e+01
   9.0747832e+01
   9.0788412e+01
   9.0828992e+01
   9.0869572e+01
   9.0910153e+01
   9.0950733e+01
   9.0991313e+01
   9.1031894e+01
   9.1072474e+01
   9.1113054e+01
   9.1153634e+01
   9.1215052e+01
   9.1288592e+01
   9.1362132e+01
   9.1435672e+01
   9.1509212e+01
   9.1582752e+01
   9.1656292e+01
   9.1729832e+01
   9.1803373e+01
   9.1876913e+01
   9.1950453e+01
   9.2023993e+01
   9.2097533e+01
   9.2171073e+01
   9.2244613e+01
   9.2318153e+01
   9.2391693e+01
   9.2465234e+01
   9.2538774e+01
   9.2612314e+01
   9.2685854e+01
   9.2778994e+01
   9.2902367e+01
   9.3025740e+01
   9.3149113e+01
   9.3272486e+01
   9.3395859e+01
   9.3519232e+01
   9.3642605e+01
   9.3765978e+01
   9.3889351e+01
   9.4012724e+01
   9.4136097e+01
   9.4259470e+01
   9.4382844e+01
   9.4506217e+01
   9.4629590e+01
   9.4752963e+01
   9.4876336e+01
   9.4999709e+01
   9.5123082e+01
   9.5246455e+01
   9.5383011e+01
   9.5591369e+01
   9.5799727e+01
   9.6008085e+01
   9.6216443e+01
   9.6424801e+01
   9.6633159e+01
   9.6841517e+01
   9.7049875e+01
   9.7258232e+01
   9.7466590e+01
   9.7674948e+01
   9.7883306e+01
   9.8091664e+01
   9.8300022e+01
   9.8508380e+01
   9.8716738e+01
   9.8925096e+01
   9.9133454e+01
   9.9341812e+01
   9.9550170e+01
   9.9758527e+01
   9.9720714e+01
   9.9660396e+01
   9.9600078e+01
   9.9539760e+01
   9.9479442e+01
   9.9419124e+01
   9.9358805e+01
   9.9298487e+01
   9.9238169e+01
   9.9177851e+01
   9.9117533e+01
   9.9057215e+01
   9.8996897e+01
   9.8936579e+01
   9.8876260e+01
   9.8815942e+01
   9.8755624e+01
   9.8695306e+01
   9.8634988e+01
   9.8574670e+01
   9.8514352e+01
   9.8558196e+01
   9.8651657e+01
   9.8745118e+01
   9.8838579e+01
   9.8932041e+01
   9.9025502e+01
   9.9118963e+01
   9.9212424e+01
   9.9305885e+01
   9.9399346e+01
   9.9492807e+01
   9.9586268e+01
   9.9679729e+01
   9.9773191e+01
   9.9866652e+01
   9.9960113e+01
   1.0005357e+02
   1.0014704e+02
   1.0024050e+02
   1.0033396e+02
   1.0042742e+02
   1.0052641e+02
   1.0063249e+02
   1.0073857e+02
   1.0084464e+02
   1.0095072e+02
   1.0105680e+02
   1.0116288e+02
   1.0126896e+02
   1.0137503e+02
   1.0148111e+02
   1.0158719e+02
   1.0169327e+02
   1.0179935e+02
   1.0190542e+02
   1.0201150e+02
   1.0211758e+02
   1.0222366e+02
   1.0232973e+02
   1.0243581e+02
   1.0254189e+02
   1.0264797e+02
   1.0275172e+02
   1.0284619e+02
   1.0294067e+02
   1.0303514e+02
   1.0312961e+02
   1.0322409e+02
   1.0331856e+02
   1.0341303e+02
   1.0350750e+02
   1.0360198e+02
   1.0369645e+02
   1.0379092e+02
   1.0388540e+02
   1.0397987e+02
   1.0407434e+02
   1.0416882e+02
   1.0426329e+02
   1.0435776e+02
   1.0445223e+02
   1.0454671e+02
   1.0464118e+02
   1.0473565e+02
   1.0485523e+02
   1.0497581e+02
   1.0509639e+02
   1.0521697e+02
   1.0533755e+02
   1.0545813e+02
   1.0557871e+02
   1.0569929e+02
   1.0581987e+02
   1.0594045e+02
   1.0606103e+02
   1.0618161e+02
   1.0630219e+02
   1.0642277e+02
   1.0654336e+02
   1.0666394e+02
   1.0678452e+02
   1.0690510e+02
   1.0702568e+02
   1.0714626e+02
   1.0726684e+02
   1.0741982e+02
   1.0758525e+02
   1.0775068e+02
   1.0791611e+02
   1.0808153e+02
   1.0824696e+02
   1.0841239e+02
   1.0857782e+02
   1.0874324e+02
   1.0890867e+02
   1.0907410e+02
   1.0923953e+02
   1.0940496e+02
   1.0957038e+02
   1.0973581e+02
   1.0990124e+02
   1.1006667e+02
   1.1023209e+02
   1.1039752e+02
   1.1056295e+02
   1.1072838e+02
   1.1096065e+02
   1.1126428e+02
   1.1156792e+02
   1.1187156e+02
   1.1217519e+02
   1.1247883e+02
   1.1278247e+02
   1.1308611e+02
   1.1338974e+02
   1.1369338e+02
   1.1399702e+02
   1.1430065e+02
   1.1460429e+02
   1.1490793e+02
   1.1521156e+02
   1.1551520e+02
   1.1581884e+02
   1.1612248e+02
   1.1642611e+02
   1.1672975e+02
   1.1703339e+02
   1.1725998e+02
   1.1724972e+02
   1.1723945e+02
   1.1722919e+02
   1.1721892e+02
   1.1720866e+02
   1.1719840e+02
   1.1718813e+02
   1.1717787e+02
   1.1716760e+02
   1.1715734e+02
   1.1714707e+02
   1.1713681e+02
   1.1712655e+02
   1.1711628e+02
   1.1710602e+02
   1.1709575e+02
   1.1708549e+02
   1.1707523e+02
   1.1706496e+02
   1.1705470e+02
   1.1704522e+02
   1.1715575e+02
   1.1726628e+02
   1.1737681e+02
   1.1748734e+02
   1.1759787e+02
   1.1770839e+02
   1.1781892e+02
   1.1792945e+02
   1.1803998e+02
   1.1815051e+02
   1.1826104e+02
   1.1837156e+02
   1.1848209e+02
   1.1859262e+02
   1.1870315e+02
   1.1881368e+02
   1.1892421e+02
   1.1903474e+02
   1.1914526e+02
   1.1925579e+02
   1.1936632e+02
   1.1956074e+02
   1.1978055e+02
   1.2000036e+02
   1.2022017e+02
   1.2043998e+02
   1.2065979e+02
   1.2087959e+02
   1.2109940e+02
   1.2131921e+02
   1.2153902e+02
   1.2175883e+02
   1.2197864e+02
   1.2219845e+02
   1.2241826e+02
   1.2263807e+02
   1.2285788e+02
   1.2307769e+02
   1.2329749e+02
   1.2351730e+02
   1.2373711e+02
   1.2395692e+02
   1.2413186e+02
   1.2426681e+02
   1.2440176e+02
   1.2453671e+02
   1.2467166e+02
   1.2480661e+02
   1.2494156e+02
   1.2507651e+02
   1.2521146e+02
   1.2534641e+02
   1.2548136e+02
   1.2561631e+02
   1.2575126e+02
   1.2588621e+02
   1.2602116e+02
   1.2615611e+02
   1.2629106e+02
   1.2642601e+02
   1.2656096e+02
   1.2669592e+02
   1.2683087e+02
   1.2692553e+02
   1.2692185e+02
   1.2691818e+02
   1.2691450e+02
   1.2691082e+02
   1.2690715e+02
   1.2690347e+02
   1.2689979e+02
   1.2689611e+02
   1.2689244e+02
   1.2688876e+02
   1.2688508e+02
   1.2688140e+02
   1.2687773e+02
   1.2687405e+02
   1.2687037e+02
   1.2686670e+02
   1.2686302e+02
   1.2685934e+02
   1.2685566e+02
   1.2685199e+02
   1.2685294e+02
   1.2693871e+02
   1.2702448e+02
   1.2711025e+02
   1.2719602e+02
   1.2728179e+02
   1.2736757e+02
   1.2745334e+02
   1.2753911e+02
   1.2762488e+02
   1.2771065e+02
   1.2779643e+02
   1.2788220e+02
   1.2796797e+02
   1.2805374e+02
   1.2813951e+02
   1.2822529e+02
   1.2831106e+02
   1.2839683e+02
   1.2848260e+02
   1.2856837e+02
   1.2865415e+02
   1.2874861e+02
   1.2884508e+02
   1.2894155e+02
   1.2903801e+02
   1.2913448e+02
   1.2923095e+02
   1.2932742e+02
   1.2942389e+02
   1.2952035e+02
   1.2961682e+02
   1.2971329e+02
   1.2980976e+02
   1.2990622e+02
   1.3000269e+02
   1.3009916e+02
   1.3019563e+02
   1.3029210e+02
   1.3038856e+02
   1.3048503e+02
   1.3058150e+02
   1.3067797e+02
   1.3079256e+02
   1.3092056e+02
   1.3104857e+02
   1.3117657e+02
   1.3130458e+02
   1.3143259e+02
   1.3156059e+02
   1.3168860e+02
   1.3181660e+02
   1.3194461e+02
   1.3207261e+02
   1.3220062e+02
   1.3232863e+02
   1.3245663e+02
   1.3258464e+02
   1.3271264e+02
   1.3284065e+02
   1.3296865e+02
   1.3309666e+02
   1.3322467e+02
   1.3335267e+02
   1.3352620e+02
   1.3378979e+02
   1.3405339e+02
   1.3431698e+02
   1.3458057e+02
   1.3484416e+02
   1.3510775e+02
   1.3537134e+02
   1.3563494e+02
   1.3589853e+02
   1.3616212e+02
   1.3642571e+02
   1.3668930e+02
   1.3695290e+02
   1.3721649e+02
   1.3748008e+02
   1.3774367e+02
   1.3800726e+02
   1.3827086e+02
   1.3853445e+02
   1.3879804e+02
   1.3903098e+02
   1.3897809e+02
   1.3892520e+02
   1.3887231e+02
   1.3881942e+02
   1.3876653e+02
   1.3871364e+02
   1.3866076e+02
   1.3860787e+02
   1.3855498e+02
   1.3850209e+02
   1.3844920e+02
   1.3839631e+02
   1.3834342e+02
   1.3829053e+02
   1.3823764e+02
   1.3818476e+02
   1.3813187e+02
   1.3807898e+02
   1.3802609e+02
   1.3797320e+02
   1.3792031e+02
   1.3784580e+02
   1.3776770e+02
   1.3768961e+02
   1.3761151e+02
   1.3753342e+02
   1.3745532e+02
   1.3737722e+02
   1.3729913e+02
   1.3722103e+02
   1.3714294e+02
   1.3706484e+02
   1.3698675e+02
   1.3690865e+02
   1.3683056e+02
   1.3675246e+02
   1.3667437e+02
   1.3659627e+02
   1.3651818e+02
   1.3644008e+02
   1.3636199e+02
   1.3628389e+02
   1.3626253e+02
   1.3627597e+02
   1.3628940e+02
   1.3630284e+02
   1.3631628e+02
   1.3632972e+02
   1.3634315e+02
   1.3635659e+02
   1.3637003e+02
   1.3638347e+02
   1.3639690e+02
   1.3641034e+02
   1.3642378e+02
   1.3643722e+02
   1.3645066e+02
   1.3646409e+02
   1.3647753e+02
   1.3649097e+02
   1.3650441e+02
   1.3651784e+02
   1.3653128e+02
   1.3654186e+02
   1.3654781e+02
   1.3655375e+02
   1.3655969e+02
   1.3656563e+02
   1.3657157e+02
   1.3657751e+02
   1.3658346e+02
   1.3658940e+02
   1.3659534e+02
   1.3660128e+02
   1.3660722e+02
   1.3661317e+02
   1.3661911e+02
   1.3662505e+02
   1.3663099e+02
   1.3663693e+02
   1.3664288e+02
   1.3664882e+02
   1.3665476e+02
   1.3666070e+02
   1.3668329e+02
   1.3680644e+02
   1.3692959e+02
   1.3705274e+02
   1.3717590e+02
   1.3729905e+02
   1.3742220e+02
   1.3754535e+02
   1.3766850e+02
   1.3779165e+02
   1.3791480e+02
   1.3803796e+02
   1.3816111e+02
   1.3828426e+02
   1.3840741e+02
   1.3853056e+02
   1.3865371e+02
   1.3877687e+02
   1.3890002e+02
   1.3902317e+02
   1.3914632e+02
   1.3926947e+02
   1.3945587e+02
   1.3964905e+02
   1.3984223e+02
   1.4003541e+02
   1.4022859e+02
   1.4042177e+02
   1.4061495e+02
   1.4080813e+02
   1.4100131e+02
   1.4119449e+02
   1.4138767e+02
   1.4158085e+02
   1.4177403e+02
   1.4196721e+02
   1.4216039e+02
   1.4235357e+02
   1.4254675e+02
   1.4273993e+02
   1.4293311e+02
   1.4312629e+02
   1.4331947e+02
   1.4344235e+02
   1.4352981e+02
   1.4361727e+02
   1.4370473e+02
   1.4379218e+02
   1.4387964e+02
   1.4396710e+02
   1.4405456e+02
   1.4414201e+02
   1.4422947e+02
   1.4431693e+02
   1.4440439e+02
   1.4449184e+02
   1.4457930e+02
   1.4466676e+02
   1.4475422e+02
   1.4484167e+02
   1.4492913e+02
   1.4501659e+02
   1.4510405e+02
   1.4519150e+02
   1.4526272e+02
   1.4531205e+02
   1.4536138e+02
   1.4541071e+02
   1.4546003e+02
   1.4550936e+02
   1.4555869e+02
   1.4560802e+02
   1.4565735e+02
   1.4570668e+02
   1.4575601e+02
   1.4580534e+02
   1.4585467e+02
   1.4590400e+02
   1.4595333e+02
   1.4600266e+02
   1.4605199e+02
   1.4610132e+02
   1.4615065e+02
   1.4619997e+02
   1.4624930e+02
   1.4629760e+02
   1.4634141e+02
   1.4638522e+02
   1.4642903e+02
   1.4647285e+02
   1.4651666e+02
   1.4656047e+02
   1.4660428e+02
   1.4664809e+02
   1.4669190e+02
   1.4673571e+02
   1.4677952e+02
   1.4682333e+02
   1.4686715e+02
   1.4691096e+02
   1.4695477e+02
   1.4699858e+02
   1.4704239e+02
   1.4708620e+02
   1.4713001e+02
   1.4717382e+02
   1.4721763e+02
   1.4733194e+02
   1.4745009e+02
   1.4756824e+02
   1.4768639e+02
   1.4780454e+02
   1.4792269e+02
   1.4804084e+02
   1.4815899e+02
   1.4827714e+02
   1.4839529e+02
   1.4851345e+02
   1.4863160e+02
   1.4874975e+02
   1.4886790e+02
   1.4898605e+02
   1.4910420e+02
   1.4922235e+02
   1.4934050e+02
   1.4945865e+02
   1.4957680e+02
   1.4969495e+02
   1.4977199e+02
   1.4983225e+02
   1.4989250e+02
   1.4995276e+02
   1.5001302e+02
   1.5007328e+02
   1.5013353e+02
   1.5019379e+02
   1.5025405e+02
   1.5031431e+02
   1.5037456e+02
   1.5043482e+02
   1.5049508e+02
   1.5055534e+02
   1.5061559e+02
   1.5067585e+02
   1.5073611e+02
   1.5079636e+02
   1.5085662e+02
   1.5091688e+02
   1.5097714e+02
   1.5106971e+02
   1.5119854e+02
   1.5132738e+02
   1.5145621e+02
   1.5158505e+02
   1.5171388e+02
   1.5184272e+02
   1.5197155e+02
   1.5210038e+02
   1.5222922e+02
   1.5235805e+02
   1.5248689e+02
   1.5261572e+02
   1.5274456e+02
   1.5287339e+02
   1.5300223e+02
   1.5313106e+02
   1.5325989e+02
   1.5338873e+02
   1.5351756e+02
   1.5364640e+02
   1.5376642e+02
   1.5385730e+02
   1.5394819e+02
   1.5403907e+02
   1.5412996e+02
   1.5422084e+02
   1.5431173e+02
   1.5440261e+02
   1.5449350e+02
   1.5458438e+02
   1.5467527e+02
   1.5476615e+02
   1.5485704e+02
   1.5494792e+02
   1.5503881e+02
   1.5512969e+02
   1.5522058e+02
   1.5531146e+02
   1.5540235e+02
   1.5549323e+02
   1.5558412e+02
   1.5567500e+02
   1.5575137e+02
   1.5582765e+02
   1.5590392e+02
   1.5598019e+02
   1.5605647e+02
   1.5613274e+02
   1.5620901e+02
   1.5628528e+02
   1.5636156e+02
   1.5643783e+02
   1.5651410e+02
   1.5659038e+02
   1.5666665e+02
   1.5674292e+02
   1.5681920e+02
   1.5689547e+02
   1.5697174e+02
   1.5704801e+02
   1.5712429e+02
   1.5720056e+02
   1.5727683e+02
   1.5738372e+02
   1.5750052e+02
   1.5761733e+02
   1.5773413e+02
   1.5785094e+02
   1.5796774e+02
   1.5808455e+02
   1.5820135e+02
   1.5831816e+02
   1.5843496e+02
   1.5855176e+02
   1.5866857e+02
   1.5878537e+02
   1.5890218e+02
   1.5901898e+02
   1.5913579e+02
   1.5925259e+02
   1.5936940e+02
   1.5948620e+02
   1.5960301e+02
   1.5971981e+02
   1.5982971e+02
   1.5993314e+02
   1.6003656e+02
   1.6013999e+02
   1.6024342e+02
   1.6034685e+02
   1.6045028e+02
   1.6055371e+02
   1.6065713e+02
   1.6076056e+02
   1.6086399e+02
   1.6096742e+02
   1.6107085e+02
   1.6117427e+02
   1.6127770e+02
   1.6138113e+02
   1.6148456e+02
   1.6158799e+02
   1.6169142e+02
   1.6179484e+02
   1.6189827e+02
   1.6200222e+02
   1.6210750e+02
   1.6221278e+02
   1.6231807e+02
   1.6242335e+02
   1.6252863e+02
   1.6263392e+02
   1.6273920e+02
   1.6284448e+02
   1.6294976e+02
   1.6305505e+02
   1.6316033e+02
   1.6326561e+02
   1.6337090e+02
   1.6347618e+02
   1.6358146e+02
   1.6368675e+02
   1.6379203e+02
   1.6389731e+02
   1.6400260e+02
   1.6410788e+02
   1.6421342e+02
   1.6432545e+02
   1.6443748e+02
   1.6454951e+02
   1.6466154e+02
   1.6477357e+02
   1.6488560e+02
   1.6499763e+02
   1.6510966e+02
   1.6522169e+02
   1.6533372e+02
   1.6544575e+02
   1.6555778e+02
   1.6566981e+02
   1.6578184e+02
   1.6589387e+02
   1.6600589e+02
   1.6611792e+02
   1.6622995e+02
   1.6634198e+02
   1.6645401e+02
   1.6656604e+02
   1.6669962e+02
   1.6683858e+02
   1.6697754e+02
   1.6711650e+02
   1.6725545e+02
   1.6739441e+02
   1.6753337e+02
   1.6767233e+02
   1.6781128e+02
   1.6795024e+02
   1.6808920e+02
   1.6822816e+02
   1.6836711e+02
   1.6850607e+02
   1.6864503e+02
   1.6878399e+02
   1.6892294e+02
   1.6906190e+02
   1.6920086e+02
   1.6933981e+02
   1.6947877e+02
   1.6964823e+02
   1.6984152e+02
   1.7003480e+02
   1.7022808e+02
   1.7042136e+02
   1.7061465e+02
   1.7080793e+02
   1.7100121e+02
   1.7119449e+02
   1.7138778e+02
   1.7158106e+02
   1.7177434e+02
   1.7196762e+02
   1.7216090e+02
   1.7235419e+02
   1.7254747e+02
   1.7274075e+02
   1.7293403e+02
   1.7312732e+02
   1.7332060e+02
   1.7351388e+02
   1.7367398e+02
   1.7376442e+02
   1.7385487e+02
   1.7394531e+02
   1.7403575e+02
   1.7412619e+02
   1.7421664e+02
   1.7430708e+02
   1.7439752e+02
   1.7448796e+02
   1.7457841e+02
   1.7466885e+02
   1.7475929e+02
   1.7484973e+02
   1.7494018e+02
   1.7503062e+02
   1.7512106e+02
   1.7521151e+02
   1.7530195e+02
   1.7539239e+02
   1.7548283e+02
   1.7557161e+02
   1.7564212e+02
   1.7571263e+02
   1.7578314e+02
   1.7585365e+02
   1.7592416e+02
   1.7599466e+02
   1.7606517e+02
   1.7613568e+02
   1.7620619e+02
   1.7627670e+02
   1.7634721e+02
   1.7641772e+02
   1.7648823e+02
   1.7655874e+02
   1.7662925e+02
   1.7669976e+02
   1.7677027e+02
   1.7684078e+02
   1.7691129e+02
   1.7698180e+02
   1.7705231e+02
   1.7714038e+02
   1.7723167e+02
   1.7732295e+02
   1.7741423e+02
   1.7750551e+02
   1.7759679e+02
   1.7768807e+02
   1.7777935e+02
   1.7787063e+02
   1.7796191e+02
   1.7805319e+02
   1.7814447e+02
   1.7823575e+02
   1.7832703e+02
   1.7841831e+02
   1.7850960e+02
   1.7860088e+02
   1.7869216e+02
   1.7878344e+02
   1.7887472e+02
   1.7896600e+02
   1.7902951e+02
   1.7907501e+02
   1.7912051e+02
   1.7916601e+02
   1.7921151e+02
   1.7925701e+02
   1.7930251e+02
   1.7934802e+02
   1.7939352e+02
   1.7943902e+02
   1.7948452e+02
   1.7953002e+02
   1.7957552e+02
   1.7962102e+02
   1.7966653e+02
   1.7971203e+02
   1.7975753e+02
   1.7980303e+02
   1.7984853e+02
   1.7989403e+02
   1.7993953e+02
   1.7998014e+02
   1.8001233e+02
   1.8004452e+02
   1.8007671e+02
   1.8010890e+02
   1.8014109e+02
   1.8017329e+02
   1.8020548e+02
   1.8023767e+02
   1.8026986e+02
   1.8030205e+02
   1.8033424e+02
   1.8036643e+02
   1.8039862e+02
   1.8043081e+02
   1.8046300e+02
   1.8049520e+02
   1.8052739e+02
   1.8055958e+02
   1.8059177e+02
   1.8062396e+02
   1.8066376e+02
   1.8075495e+02
   1.8084615e+02
   1.8093734e+02
   1.8102853e+02
   1.8111973e+02
   1.8121092e+02
   1.8130212e+02
   1.8139331e+02
   1.8148450e+02
   1.8157570e+02
   1.8166689e+02
   1.8175809e+02
   1.8184928e+02
   1.8194048e+02
   1.8203167e+02
   1.8212286e+02
   1.8221406e+02
   1.8230525e+02
   1.8239645e+02
   1.8248764e+02
   1.8257884e+02
   1.8265481e+02
   1.8272892e+02
   1.8280303e+02
   1.8287714e+02
   1.8295125e+02
   1.8302536e+02
   1.8309947e+02
   1.8317358e+02
   1.8324769e+02
   1.8332180e+02
   1.8339591e+02
   1.8347001e+02
   1.8354412e+02
   1.8361823e+02
   1.8369234e+02
   1.8376645e+02
   1.8384056e+02
   1.8391467e+02
   1.8398878e+02
   1.8406289e+02
   1.8413700e+02
   1.8416207e+02
   1.8416096e+02
   1.8415984e+02
   1.8415872e+02
   1.8415761e+02
   1.8415649e+02
   1.8415538e+02
   1.8415426e+02
   1.8415315e+02
   1.8415203e+02
   1.8415091e+02
   1.8414980e+02
   1.8414868e+02
   1.8414757e+02
   1.8414645e+02
   1.8414533e+02
   1.8414422e+02
   1.8414310e+02
   1.8414199e+02
   1.8414087e+02
   1.8413976e+02
   1.8416459e+02
   1.8422632e+02
   1.8428804e+02
   1.8434977e+02
   1.8441150e+02
   1.8447322e+02
   1.8453495e+02
   1.8459668e+02
   1.8465840e+02
   1.8472013e+02
   1.8478185e+02
   1.8484358e+02
   1.8490531e+02
   1.8496703e+02
   1.8502876e+02
   1.8509049e+02
   1.8515221e+02
   1.8521394e+02
   1.8527567e+02
   1.8533739e+02
   1.8539912e+02
   1.8547198e+02
   1.8559767e+02
   1.8572337e+02
   1.8584906e+02
   1.8597475e+02
   1.8610045e+02
   1.8622614e+02
   1.8635183e+02
   1.8647753e+02
   1.8660322e+02
   1.8672891e+02
   1.8685461e+02
   1.8698030e+02
   1.8710599e+02
   1.8723169e+02
   1.8735738e+02
   1.8748307e+02
   1.8760877e+02
   1.8773446e+02
   1.8786016e+02
   1.8798585e+02
   1.8811154e+02
   1.8820420e+02
   1.8829460e+02
   1.8838499e+02
   1.8847539e+02
   1.8856578e+02
   1.8865618e+02
   1.8874657e+02
   1.8883697e+02
   1.8892736e+02
   1.8901776e+02
   1.8910816e+02
   1.8919855e+02
   1.8928895e+02
   1.8937934e+02
   1.8946974e+02
   1.8956013e+02
   1.8965053e+02
   1.8974092e+02
   1.8983132e+02
   1.8992172e+02
   1.9001211e+02
   1.9002262e+02
   1.8999839e+02
   1.8997417e+02
   1.8994994e+02
   1.8992572e+02
   1.8990149e+02
   1.8987727e+02
   1.8985304e+02
   1.8982882e+02
   1.8980460e+02
   1.8978037e+02
   1.8975615e+02
   1.8973192e+02
   1.8970770e+02
   1.8968347e+02
   1.8965925e+02
   1.8963502e+02
   1.8961080e+02
   1.8958658e+02
   1.8956235e+02
   1.8953813e+02
   1.8957098e+02
   1.8967136e+02
   1.8977173e+02
   1.8987210e+02
   1.8997247e+02
   1.9007285e+02
   1.9017322e+02
   1.9027359e+02
   1.9037396e+02
   1.9047433e+02
   1.9057471e+02
   1.9067508e+02
   1.9077545e+02
   1.9087582e+02
   1.9097620e+02
   1.9107657e+02
   1.9117694e+02
   1.9127731e+02
   1.9137769e+02
   1.9147806e+02
   1.9157843e+02
   1.9168664e+02
   1.9182277e+02
   1.9195889e+02
   1.9209501e+02
   1.9223113e+02
   1.9236726e+02
   1.9250338e+02
   1.9263950e+02
   1.9277562e+02
   1.9291175e+02
   1.9304787e+02
   1.9318399e+02
   1.9332012e+02
   1.9345624e+02
   1.9359236e+02
   1.9372848e+02
   1.9386461e+02
   1.9400073e+02
   1.9413685e+02
   1.9427297e+02
   1.9440910e+02
   1.9454522e+02
   1.9459081e+02
   1.9463466e+02
   1.9467850e+02
   1.9472235e+02
   1.9476619e+02
   1.9481003e+02
   1.9485388e+02
   1.9489772e+02
   1.9494157e+02
   1.9498541e+02
   1.9502925e+02
   1.9507310e+02
   1.9511694e+02
   1.9516079e+02
   1.9520463e+02
   1.9524847e+02
   1.9529232e+02
   1.9533616e+02
   1.9538001e+02
   1.9542385e+02
   1.9546770e+02
   1.9550522e+02
   1.9554055e+02
   1.9557588e+02
   1.9561122e+02
   1.9564655e+02
   1.9568188e+02
   1.9571721e+02
   1.9575254e+02
   1.9578787e+02
   1.9582320e+02
   1.9585854e+02
   1.9589387e+02
   1.9592920e+02
   1.9596453e+02
   1.9599986e+02
   1.9603519e+02
   1.9607052e+02
   1.9610586e+02
   1.9614119e+02
   1.9617652e+02
   1.9621185e+02
   1.9626235e+02
   1.9632783e+02
   1.9639331e+02
   1.9645879e+02
   1.9652427e+02
   1.9658975e+02
   1.9665523e+02
   1.9672071e+02
   1.9678619e+02
   1.9685166e+02
   1.9691714e+02
   1.9698262e+02
   1.9704810e+02
   1.9711358e+02
   1.9717906e+02
   1.9724454e+02
   1.9731002e+02
   1.9737550e+02
   1.9744098e+02
   1.9750645e+02
   1.9757193e+02
   1.9761361e+02
   1.9758905e+02
   1.9756449e+02
   1.9753993e+02
   1.9751537e+02
   1.9749081e+02
   1.9746625e+02
   1.9744169e+02
   1.9741713e+02
   1.9739257e+02
   1.9736801e+02
   1.9734345e+02
   1.9731889e+02
   1.9729433e+02
   1.9726977e+02
   1.9724521e+02
   1.9722065e+02
   1.9719609e+02
   1.9717154e+02
   1.9714698e+02
   1.9712242e+02
   1.9709803e+02
   1.9708005e+02
   1.9706207e+02
   1.9704409e+02
   1.9702610e+02
   1.9700812e+02
   1.9699014e+02
   1.9697216e+02
   1.9695418e+02
   1.9693620e+02
   1.9691822e+02
   1.9690024e+02
   1.9688225e+02
   1.9686427e+02
   1.9684629e+02
   1.9682831e+02
   1.9681033e+02
   1.9679235e+02
   1.9677437e+02
   1.9675639e+02
   1.9673841e+02
   1.9672042e+02
   1.9673838e+02
   1.9676605e+02
   1.9679371e+02
   1.9682138e+02
   1.9684905e+02
   1.9687671e+02
   1.9690438e+02
   1.9693205e+02
   1.9695971e+02
   1.9698738e+02
   1.9701504e+02
   1.9704271e+02
   1.9707038e+02
   1.9709804e+02
   1.9712571e+02
   1.9715338e+02
   1.9718104e+02
   1.9720871e+02
   1.9723637e+02
   1.9726404e+02
   1.9729171e+02
   1.9733340e+02
   1.9738664e+02
   1.9743988e+02
   1.9749313e+02
   1.9754637e+02
   1.9759961e+02
   1.9765285e+02
   1.9770609e+02
   1.9775934e+02
   1.9781258e+02
   1.9786582e+02
   1.9791906e+02
   1.9797230e+02
   1.9802555e+02
   1.9807879e+02
   1.9813203e+02
   1.9818527e+02
   1.9823851e+02
   1.9829175e+02
   1.9834500e+02
   1.9839824e+02
   1.9845493e+02
   1.9851931e+02
   1.9858369e+02
   1.9864807e+02
   1.9871245e+02
   1.9877683e+02
   1.9884120e+02
   1.9890558e+02
   1.9896996e+02
   1.9903434e+02
   1.9909872e+02
   1.9916310e+02
   1.9922748e+02
   1.9929186e+02
   1.9935624e+02
   1.9942062e+02
   1.9948500e+02
   1.9954938e+02
   1.9961376e+02
   1.9967814e+02
   1.9974251e+02
   1.9980923e+02
   1.9990640e+02
   2.0000357e+02
   2.0010073e+02
   2.0019790e+02
   2.0029506e+02
   2.0039223e+02
   2.0048940e+02
   2.0058656e+02
   2.0068373e+02
   2.0078089e+02
   2.0087806e+02
   2.0097523e+02
   2.0107239e+02
   2.0116956e+02
   2.0126673e+02
   2.0136389e+02
   2.0146106e+02
   2.0155822e+02
   2.0165539e+02
   2.0175256e+02
   2.0184972e+02
   2.0192743e+02
   2.0200122e+02
   2.0207501e+02
   2.0214880e+02
   2.0222258e+02
   2.0229637e+02
   2.0237016e+02
   2.0244395e+02
   2.0251774e+02
   2.0259153e+02
   2.0266532e+02
   2.0273911e+02
   2.0281290e+02
   2.0288669e+02
   2.0296048e+02
   2.0303427e+02
   2.0310805e+02
   2.0318184e+02
   2.0325563e+02
   2.0332942e+02
   2.0340321e+02
   2.0340346e+02
   2.0335337e+02
   2.0330327e+02
   2.0325317e+02
   2.0320308e+02
   2.0315298e+02
   2.0310288e+02
   2.0305279e+02
   2.0300269e+02
   2.0295259e+02
   2.0290250e+02
   2.0285240e+02
   2.0280230e+02
   2.0275220e+02
   2.0270211e+02
   2.0265201e+02
   2.0260191e+02
   2.0255182e+02
   2.0250172e+02
   2.0245162e+02
   2.0240153e+02
   2.0235364e+02
   2.0230979e+02
   2.0226593e+02
   2.0222208e+02
   2.0217822e+02
   2.0213437e+02
   2.0209051e+02
   2.0204666e+02
   2.0200280e+02
   2.0195895e+02
   2.0191509e+02
   2.0187124e+02
   2.0182738e+02
   2.0178353e+02
   2.0173967e+02
   2.0169582e+02
   2.0165196e+02
   2.0160811e+02
   2.0156426e+02
   2.0152040e+02
   2.0147655e+02
   2.0143436e+02
   2.0140487e+02
   2.0137537e+02
   2.0134587e+02
   2.0131637e+02
   2.0128687e+02
   2.0125738e+02
   2.0122788e+02
   2.0119838e+02
   2.0116888e+02
   2.0113939e+02
   2.0110989e+02
   2.0108039e+02
   2.0105089e+02
   2.0102139e+02
   2.0099190e+02
   2.0096240e+02
   2.0093290e+02
   2.0090340e+02
   2.0087391e+02
   2.0084441e+02
   2.0081491e+02
   2.0078840e+02
   2.0076231e+02
   2.0073621e+02
   2.0071012e+02
   2.0068402e+02
   2.0065793e+02
   2.0063184e+02
   2.0060574e+02
   2.0057965e+02
   2.0055356e+02
   2.0052746e+02
   2.0050137e+02
   2.0047528e+02
   2.0044918e+02
   2.0042309e+02
   2.0039699e+02
   2.0037090e+02
   2.0034481e+02
   2.0031871e+02
   2.0029262e+02
   2.0026653e+02
   2.0027062e+02
   2.0029180e+02
   2.0031297e+02
   2.0033414e+02
   2.0035532e+02
   2.0037649e+02
   2.0039767e+02
   2.0041884e+02
   2.0044001e+02
   2.0046119e+02
   2.0048236e+02
   2.0050353e+02
   2.0052471e+02
   2.0054588e+02
   2.0056705e+02
   2.0058823e+02
   2.0060940e+02
   2.0063057e+02
   2.0065175e+02
   2.0067292e+02
   2.0069409e+02
   2.0073756e+02
   2.0081449e+02
   2.0089142e+02
   2.0096834e+02
   2.0104527e+02
   2.0112220e+02
   2.0119913e+02
   2.0127605e+02
   2.0135298e+02
   2.0142991e+02
   2.0150683e+02
   2.0158376e+02
   2.0166069e+02
   2.0173762e+02
   2.0181454e+02
   2.0189147e+02
   2.0196840e+02
   2.0204533e+02
   2.0212225e+02
   2.0219918e+02
   2.0227611e+02
   2.0234379e+02
   2.0236350e+02
   2.0238320e+02
   2.0240291e+02
   2.0242262e+02
   2.0244233e+02
   2.0246204e+02
   2.0248175e+02
   2.0250146e+02
   2.0252117e+02
   2.0254088e+02
   2.0256059e+02
   2.0258030e+02
   2.0260001e+02
   2.0261971e+02
   2.0263942e+02
   2.0265913e+02
   2.0267884e+02
   2.0269855e+02
   2.0271826e+02
   2.0273797e+02
   2.0275768e+02
   2.0274903e+02
   2.0273802e+02
   2.0272700e+02
   2.0271598e+02
   2.0270496e+02
   2.0269395e+02
   2.0268293e+02
   2.0267191e+02
   2.0266089e+02
   2.0264988e+02
   2.0263886e+02
   2.0262784e+02
   2.0261682e+02
   2.0260581e+02
   2.0259479e+02
   2.0258377e+02
   2.0257275e+02
   2.0256174e+02
   2.0255072e+02
   2.0253970e+02
   2.0252868e+02
   2.0249391e+02
   2.0244817e+02
   2.0240242e+02
   2.0235668e+02
   2.0231093e+02
   2.0226518e+02
   2.0221944e+02
   2.0217369e+02
   2.0212794e+02
   2.0208220e+02
   2.0203645e+02
   2.0199070e+02
   2.0194496e+02
   2.0189921e+02
   2.0185347e+02
   2.0180772e+02
   2.0176197e+02
   2.0171623e+02
   2.0167048e+02
   2.0162473e+02
   2.0157899e+02
   2.0156502e+02
   2.0159067e+02
   2.0161633e+02
   2.0164199e+02
   2.0166764e+02
   2.0169330e+02
   2.0171896e+02
   2.0174461e+02
   2.0177027e+02
   2.0179593e+02
   2.0182158e+02
   2.0184724e+02
   2.0187290e+02
   2.0189855e+02
   2.0192421e+02
   2.0194987e+02
   2.0197552e+02
   2.0200118e+02
   2.0202684e+02
   2.0205249e+02
   2.0207815e+02
   2.0208931e+02
   2.0204487e+02
   2.0200043e+02
   2.0195600e+02
   2.0191156e+02
   2.0186712e+02
   2.0182268e+02
   2.0177825e+02
   2.0173381e+02
   2.0168937e+02
   2.0164494e+02
   2.0160050e+02
   2.0155606e+02
   2.0151162e+02
   2.0146719e+02
   2.0142275e+02
   2.0137831e+02
   2.0133387e+02
   2.0128944e+02
   2.0124500e+02
   2.0120056e+02
   2.0115612e+02
   2.0113335e+02
   2.0111130e+02
   2.0108925e+02
   2.0106719e+02
   2.0104514e+02
   2.0102308e+02
   2.0100103e+02
   2.0097898e+02
   2.0095692e+02
   2.0093487e+02
   2.0091281e+02
   2.0089076e+02
   2.0086871e+02
   2.0084665e+02
   2.0082460e+02
   2.0080254e+02
   2.0078049e+02
   2.0075844e+02
   2.0073638e+02
   2.0071433e+02
   2.0069228e+02
   2.0067300e+02
   2.0065476e+02
   2.0063652e+02
   2.0061828e+02
   2.0060004e+02
   2.0058180e+02
   2.0056356e+02
   2.0054532e+02
   2.0052708e+02
   2.0050884e+02
   2.0049060e+02
   2.0047236e+02
   2.0045412e+02
   2.0043588e+02
   2.0041764e+02
   2.0039940e+02
   2.0038116e+02
   2.0036292e+02
   2.0034468e+02
   2.0032644e+02
   2.0030820e+02
   2.0028478e+02
   2.0025598e+02
   2.0022718e+02
   2.0019838e+02
   2.0016957e+02
   2.0014077e+02
   2.0011197e+02
   2.0008317e+02
   2.0005437e+02
   2.0002557e+02
   1.9999676e+02
   1.9996796e+02
   1.9993916e+02
   1.9991036e+02
   1.9988156e+02
   1.9985275e+02
   1.9982395e+02
   1.9979515e+02
   1.9976635e+02
   1.9973755e+02
   1.9970874e+02
   1.9968215e+02
   1.9966213e+02
   1.9964210e+02
   1.9962208e+02
   1.9960206e+02
   1.9958203e+02
   1.9956201e+02
   1.9954198e+02
   1.9952196e+02
   1.9950193e+02
   1.9948191e+02
   1.9946188e+02
   1.9944186e+02
   1.9942183e+02
   1.9940181e+02
   1.9938179e+02
   1.9936176e+02
   1.9934174e+02
   1.9932171e+02
   1.9930169e+02
   1.9928166e+02
   1.9926165e+02
   1.9924263e+02
   1.9922362e+02
   1.9920460e+02
   1.9918558e+02
   1.9916657e+02
   1.9914755e+02
   1.9912853e+02
   1.9910951e+02
   1.9909050e+02
   1.9907148e+02
   1.9905246e+02
   1.9903345e+02
   1.9901443e+02
   1.9899541e+02
   1.9897640e+02
   1.9895738e+02
   1.9893836e+02
   1.9891934e+02
   1.9890033e+02
   1.9888131e+02
   1.9886229e+02
   1.9886977e+02
   1.9888497e+02
   1.9890016e+02
   1.9891536e+02
   1.9893056e+02
   1.9894576e+02
   1.9896096e+02
   1.9897616e+02
   1.9899136e+02
   1.9900655e+02
   1.9902175e+02
   1.9903695e+02
   1.9905215e+02
   1.9906735e+02
   1.9908255e+02
   1.9909775e+02
   1.9911294e+02
   1.9912814e+02
   1.9914334e+02
   1.9915854e+02
   1.9917374e+02
   1.9919000e+02
   1.9920718e+02
   1.9922436e+02
   1.9924154e+02
   1.9925872e+02
   1.9927590e+02
   1.9929309e+02
   1.9931027e+02
   1.9932745e+02
   1.9934463e+02
   1.9936181e+02
   1.9937899e+02
   1.9939617e+02
   1.9941335e+02
   1.9943054e+02
   1.9944772e+02
   1.9946490e+02
   1.9948208e+02
   1.9949926e+02
   1.9951644e+02
   1.9953362e+02
   1.9955560e+02
   1.9958893e+02
   1.9962225e+02
   1.9965558e+02
   1.9968891e+02
   1.9972223e+02
   1.9975556e+02
   1.9978888e+02
   1.9982221e+02
   1.9985553e+02
   1.9988886e+02
   1.9992218e+02
   1.9995551e+02
   1.9998884e+02
   2.0002216e+02
   2.0005549e+02
   2.0008881e+02
   2.0012214e+02
   2.0015546e+02
   2.0018879e+02
   2.0022212e+02
   2.0025754e+02
   2.0032697e+02
   2.0039640e+02
   2.0046583e+02
   2.0053526e+02
   2.0060469e+02
   2.0067412e+02
   2.0074355e+02
   2.0081298e+02
   2.0088241e+02
   2.0095184e+02
   2.0102127e+02
   2.0109070e+02
   2.0116013e+02
   2.0122955e+02
   2.0129898e+02
   2.0136841e+02
   2.0143784e+02
   2.0150727e+02
   2.0157670e+02
   2.0164613e+02
   2.0171556e+02
   2.0172987e+02
   2.0173203e+02
   2.0173419e+02
   2.0173635e+02
   2.0173852e+02
   2.0174068e+02
   2.0174284e+02
   2.0174500e+02
   2.0174716e+02
   2.0174932e+02
   2.0175148e+02
   2.0175364e+02
   2.0175580e+02
   2.0175797e+02
   2.0176013e+02
   2.0176229e+02
   2.0176445e+02
   2.0176661e+02
   2.0176877e+02
   2.0177093e+02
   2.0177309e+02
   2.0176722e+02
   2.0175554e+02
   2.0174387e+02
   2.0173219e+02
   2.0172051e+02
   2.0170884e+02
   2.0169716e+02
   2.0168548e+02
   2.0167380e+02
   2.0166213e+02
   2.0165045e+02
   2.0163877e+02
   2.0162710e+02
   2.0161542e+02
   2.0160374e+02
   2.0159207e+02
   2.0158039e+02
   2.0156871e+02
   2.0155703e+02
   2.0154536e+02
   2.0153368e+02
   2.0152990e+02
   2.0154128e+02
   2.0155266e+02
   2.0156404e+02
   2.0157542e+02
   2.0158680e+02
   2.0159818e+02
   2.0160956e+02
   2.0162094e+02
   2.0163232e+02
   2.0164370e+02
   2.0165508e+02
   2.0166646e+02
   2.0167784e+02
   2.0168922e+02
   2.0170060e+02
   2.0171198e+02
   2.0172336e+02
   2.0173474e+02
   2.0174612e+02
   2.0175750e+02
   2.0176389e+02
   2.0172708e+02
   2.0169026e+02
   2.0165345e+02
   2.0161663e+02
   2.0157982e+02
   2.0154301e+02
   2.0150619e+02
   2.0146938e+02
   2.0143256e+02
   2.0139575e+02
   2.0135893e+02
   2.0132212e+02
   2.0128530e+02
   2.0124849e+02
   2.0121167e+02
   2.0117486e+02
   2.0113805e+02
   2.0110123e+02
   2.0106442e+02
   2.0102760e+02
   2.0099079e+02
   2.0100717e+02
   2.0103190e+02
   2.0105662e+02
   2.0108134e+02
   2.0110607e+02
   2.0113079e+02
   2.0115552e+02
   2.0118024e+02
   2.0120496e+02
   2.0122969e+02
   2.0125441e+02
   2.0127913e+02
   2.0130386e+02
   2.0132858e+02
   2.0135330e+02
   2.0137803e+02
   2.0140275e+02
   2.0142747e+02
   2.0145220e+02
   2.0147692e+02
   2.0150164e+02
   2.0154001e+02
   2.0158653e+02
   2.0163306e+02
   2.0167958e+02
   2.0172611e+02
   2.0177263e+02
   2.0181916e+02
   2.0186568e+02
   2.0191221e+02
   2.0195873e+02
   2.0200525e+02
   2.0205178e+02
   2.0209830e+02
   2.0214483e+02
   2.0219135e+02
   2.0223788e+02
   2.0228440e+02
   2.0233093e+02
   2.0237745e+02
   2.0242398e+02
   2.0247050e+02
   2.0250860e+02
   2.0253336e+02
   2.0255813e+02
   2.0258289e+02
   2.0260766e+02
   2.0263243e+02
   2.0265719e+02
   2.0268196e+02
   2.0270672e+02
   2.0273149e+02
   2.0275625e+02
   2.0278102e+02
   2.0280579e+02
   2.0283055e+02
   2.0285532e+02
   2.0288008e+02
   2.0290485e+02
   2.0292962e+02
   2.0295438e+02
   2.0297915e+02
   2.0300391e+02
   2.0302449e+02
   2.0302108e+02
   2.0301767e+02
   2.0301425e+02
   2.0301084e+02
   2.0300743e+02
   2.0300401e+02
   2.0300060e+02
   2.0299718e+02
   2.0299377e+02
   2.0299036e+02
   2.0298694e+02
   2.0298353e+02
   2.0298012e+02
   2.0297670e+02
   2.0297329e+02
   2.0296988e+02
   2.0296646e+02
   2.0296305e+02
   2.0295964e+02
   2.0295622e+02
   2.0295281e+02
   2.0299110e+02
   2.0303354e+02
   2.0307598e+02
   2.0311841e+02
   2.0316085e+02
   2.0320329e+02
   2.0324572e+02
   2.0328816e+02
   2.0333059e+02
   2.0337303e+02
   2.0341547e+02
   2.0345790e+02
   2.0350034e+02
   2.0354278e+02
   2.0358521e+02
   2.0362765e+02
   2.0367008e+02
   2.0371252e+02
   2.0375496e+02
   2.0379739e+02
   2.0383983e+02
   2.0387507e+02
   2.0390678e+02
   2.0393848e+02
   2.0397019e+02
   2.0400190e+02
   2.0403360e+02
   2.0406531e+02
   2.0409702e+02
   2.0412873e+02
   2.0416043e+02
   2.0419214e+02
   2.0422385e+02
   2.0425555e+02
   2.0428726e+02
   2.0431897e+02
   2.0435067e+02
   2.0438238e+02
   2.0441409e+02
   2.0444580e+02
   2.0447750e+02
   2.0450921e+02
   2.0453203e+02
   2.0454321e+02
   2.0455438e+02
   2.0456555e+02
   2.0457673e+02
   2.0458790e+02
   2.0459907e+02
   2.0461024e+02
   2.0462142e+02
   2.0463259e+02
   2.0464376e+02
   2.0465494e+02
   2.0466611e+02
   2.0467728e+02
   2.0468845e+02
   2.0469963e+02
   2.0471080e+02
   2.0472197e+02
   2.0473315e+02
   2.0474432e+02
   2.0475549e+02
   2.0476851e+02
   2.0478919e+02
   2.0480986e+02
   2.0483054e+02
   2.0485122e+02
   2.0487190e+02
   2.0489258e+02
   2.0491326e+02
   2.0493394e+02
   2.0495462e+02
   2.0497530e+02
   2.0499598e+02
   2.0501665e+02
   2.0503733e+02
   2.0505801e+02
   2.0507869e+02
   2.0509937e+02
   2.0512005e+02
   2.0514073e+02
   2.0516141e+02
   2.0518209e+02
   2.0520277e+02
   2.0525486e+02
   2.0530844e+02
   2.0536202e+02
   2.0541560e+02
   2.0546919e+02
   2.0552277e+02
   2.0557635e+02
   2.0562993e+02
   2.0568351e+02
   2.0573709e+02
   2.0579067e+02
   2.0584425e+02
   2.0589783e+02
   2.0595141e+02
   2.0600499e+02
   2.0605858e+02
   2.0611216e+02
   2.0616574e+02
   2.0621932e+02
   2.0627290e+02
   2.0632648e+02
   2.0631943e+02
   2.0628833e+02
   2.0625722e+02
   2.0622612e+02
   2.0619501e+02
   2.0616391e+02
   2.0613280e+02
   2.0610170e+02
   2.0607060e+02
   2.0603949e+02
   2.0600839e+02
   2.0597728e+02
   2.0594618e+02
   2.0591507e+02
   2.0588397e+02
   2.0585287e+02
   2.0582176e+02
   2.0579066e+02
   2.0575955e+02
   2.0572845e+02
   2.0569734e+02
   2.0564559e+02
   2.0557127e+02
   2.0549695e+02
   2.0542263e+02
   2.0534831e+02
   2.0527399e+02
   2.0519966e+02
   2.0512534e+02
   2.0505102e+02
   2.0497670e+02
   2.0490238e+02
   2.0482806e+02
   2.0475374e+02
   2.0467942e+02
   2.0460509e+02
   2.0453077e+02
   2.0445645e+02
   2.0438213e+02
   2.0430781e+02
   2.0423349e+02
   2.0415917e+02
   2.0410360e+02
   2.0410780e+02
   2.0411199e+02
   2.0411619e+02
   2.0412038e+02
   2.0412458e+02
   2.0412877e+02
   2.0413297e+02
   2.0413716e+02
   2.0414136e+02
   2.0414555e+02
   2.0414975e+02
   2.0415394e+02
   2.0415814e+02
   2.0416233e+02
   2.0416653e+02
   2.0417072e+02
   2.0417492e+02
   2.0417911e+02
   2.0418331e+02
   2.0418750e+02
   2.0419170e+02
